ZONE I=5
0.8 0.5 -0.933624 0.358253 1 0.05 0 4.67914e-06 -8.36185e-07 0  0
0.807725 0.519865 -0.930485 0.366331 1 0.0519865 0 4.84983e-06 -8.8602e-07 0.00150973  0.021261
0.815972 0.540573 -0.927639 0.373477 1 0.0540573 0 5.02872e-06 -9.36412e-07 0.0032682  0.0434805
0.824508 0.56155 -0.924838 0.380361 1 0.056155 0 5.20929e-06 -9.87688e-07 0.00522403  0.0660435
0.833103 0.582225 -0.921845 0.387559 1 0.0582225 0 5.38499e-06 -1.04006e-06 0.00732587  0.088335
ZONE I=5
0.833103 0.582225 -0.921845 0.387559 1 0.0582225 0 5.38499e-06 -1.04006e-06 0.00732587  0.088335
0.841777 0.60263 -0.918786 0.394755 1 0.060263 0 5.55676e-06 -1.09286e-06 0.00958169  0.110392
0.850672 0.623117 -0.915742 0.401766 1 0.0623117 0 5.72826e-06 -1.14627e-06 0.0120255  0.132592
0.859747 0.643589 -0.912672 0.408693 1 0.0643589 0 5.8984e-06 -1.2003e-06 0.0146447  0.154832
0.868958 0.663951 -0.909533 0.415632 1 0.0663951 0 6.06603e-06 -1.25497e-06 0.0174271  0.177007
ZONE I=5
0.868958 0.663951 -0.909533 0.415632 1 0.0663951 0 6.06603e-06 -1.25497e-06 0.0174271  0.177007
0.878309 0.684209 -0.90635 0.422527 1 0.0684209 0 6.23134e-06 -1.31012e-06 0.0203735  0.199124
0.887824 0.704421 -0.903138 0.42935 1 0.0704421 0 6.39494e-06 -1.36574e-06 0.023491  0.221245
0.897496 0.72457 -0.89989 0.436117 1 0.072457 0 6.55664e-06 -1.42181e-06 0.0267763  0.243352
0.907315 0.744639 -0.896599 0.442844 1 0.0744639 0 6.71624e-06 -1.47831e-06 0.0302261  0.265427
ZONE I=5
0.907315 0.744639 -0.896599 0.442844 1 0.0744639 0 6.71624e-06 -1.47831e-06 0.0302261  0.265427
0.917281 0.764629 -0.89327 0.449521 1 0.0764629 0 6.87375e-06 -1.53516e-06 0.0338398  0.287469
0.927398 0.784548 -0.889906 0.456143 1 0.0784548 0 7.02929e-06 -1.59234e-06 0.0376183  0.309488
0.937663 0.804394 -0.886508 0.462714 1 0.0804394 0 7.18282e-06 -1.64981e-06 0.0415603  0.331481
0.948074 0.824162 -0.883074 0.469235 1 0.0824162 0 7.33429e-06 -1.70753e-06 0.0456643  0.353442
ZONE I=5
0.948074 0.824162 -0.883074 0.469235 1 0.0824162 0 7.33429e-06 -1.70753e-06 0.0456643  0.353442
0.95863 0.843852 -0.879605 0.475705 1 0.0843852 0 7.48372e-06 -1.76547e-06 0.0499296  0.375372
0.96933 0.863465 -0.876104 0.482122 1 0.0863465 0 7.63112e-06 -1.82359e-06 0.0543556  0.397272
0.980173 0.883 -0.872571 0.488488 1 0.0883 0 7.77649e-06 -1.88185e-06 0.0589414  0.419138
0.991157 0.902455 -0.869005 0.494802 1 0.0902455 0 7.91981e-06 -1.94022e-06 0.0636859  0.440971
ZONE I=5
0.991157 0.902455 -0.869005 0.494802 1 0.0902455 0 7.91981e-06 -1.94022e-06 0.0636859  0.440971
1.00228 0.921831 -0.865409 0.501065 1 0.0921831 0 8.0611e-06 -1.99865e-06 0.0685882  0.462769
1.01355 0.941126 -0.861784 0.507276 1 0.0941126 0 8.20036e-06 -2.05712e-06 0.0736476  0.484531
1.02495 0.96034 -0.858129 0.513435 1 0.096034 0 8.3376e-06 -2.1156e-06 0.0788631  0.506257
1.03649 0.979472 -0.854445 0.519542 1 0.0979472 0 8.4728e-06 -2.17404e-06 0.0842338  0.527944
ZONE I=5
1.03649 0.979472 -0.854445 0.519542 1 0.0979472 0 8.4728e-06 -2.17404e-06 0.0842338  0.527944
1.04817 0.998521 -0.850734 0.525597 1 0.0998521 0 8.60599e-06 -2.23241e-06 0.0897586  0.549593
1.05998 1.01749 -0.846996 0.5316 1 0.101749 0 8.73717e-06 -2.29068e-06 0.0954369  0.571203
1.07192 1.03637 -0.843231 0.537551 1 0.103637 0 8.86635e-06 -2.34883e-06 0.101267  0.592772
1.084 1.05517 -0.839442 0.54345 1 0.105517 0 8.99353e-06 -2.40681e-06 0.10725  0.6143
ZONE I=5
1.084 1.05517 -0.839442 0.54345 1 0.105517 0 8.99353e-06 -2.40681e-06 0.10725  0.6143
1.09621 1.07388 -0.835627 0.549297 1 0.107388 0 9.11873e-06 -2.4646e-06 0.113382  0.635786
1.10854 1.09251 -0.831789 0.555091 1 0.109251 0 9.24195e-06 -2.52217e-06 0.119664  0.657228
1.12101 1.11105 -0.827928 0.560834 1 0.111105 0 9.36321e-06 -2.57948e-06 0.126095  0.678626
1.13361 1.12951 -0.824045 0.566525 1 0.112951 0 9.48251e-06 -2.63651e-06 0.132673  0.69998
ZONE I=5
1.13361 1.12951 -0.824045 0.566525 1 0.112951 0 9.48251e-06 -2.63651e-06 0.132673  0.69998
1.14633 1.14788 -0.820139 0.572164 1 0.114788 0 9.59987e-06 -2.69323e-06 0.139398  0.721288
1.15917 1.16616 -0.816213 0.577751 1 0.116616 0 9.7153e-06 -2.74962e-06 0.146269  0.74255
1.17215 1.18435 -0.812267 0.583286 1 0.118435 0 9.82882e-06 -2.80564e-06 0.153285  0.763765
1.18524 1.20246 -0.808301 0.588769 1 0.120246 0 9.94043e-06 -2.86127e-06 0.160444  0.784931
ZONE I=5
1.18524 1.20246 -0.808301 0.588769 1 0.120246 0 9.94043e-06 -2.86127e-06 0.160444  0.784931
1.19846 1.22048 -0.804317 0.594201 1 0.122048 0 1.00502e-05 -2.91648e-06 0.167746  0.806049
1.2118 1.2384 -0.800314 0.599581 1 0.12384 0 1.0158e-05 -2.97126e-06 0.17519  0.827118
1.22525 1.25624 -0.796294 0.604909 1 0.125624 0 1.0264e-05 -3.02557e-06 0.182775  0.848136
1.23883 1.27399 -0.792258 0.610187 1 0.127399 0 1.03682e-05 -3.07939e-06 0.190499  0.869104
ZONE I=5
1.23883 1.27399 -0.792258 0.610187 1 0.127399 0 1.03682e-05 -3.07939e-06 0.190499  0.869104
1.25252 1.29165 -0.788205 0.615413 1 0.129165 0 1.04705e-05 -3.13271e-06 0.198363  0.89002
1.26633 1.30922 -0.784138 0.620587 1 0.130922 0 1.05711e-05 -3.18549e-06 0.206364  0.910884
1.28026 1.32669 -0.780055 0.625711 1 0.132669 0 1.06698e-05 -3.23772e-06 0.214502  0.931695
1.2943 1.34408 -0.775959 0.630783 1 0.134408 0 1.07668e-05 -3.28937e-06 0.222776  0.952452
ZONE I=5
1.2943 1.34408 -0.775959 0.630783 1 0.134408 0 1.07668e-05 -3.28937e-06 0.222776  0.952452
1.30845 1.36137 -0.771849 0.635805 1 0.136137 0 1.08621e-05 -3.34044e-06 0.231185  0.973156
1.32271 1.37857 -0.767727 0.640777 1 0.137857 0 1.09556e-05 -3.39089e-06 0.239728  0.993804
1.33708 1.39568 -0.763593 0.645697 1 0.139568 0 1.10474e-05 -3.44071e-06 0.248404  1.0144
1.35157 1.4127 -0.759448 0.650568 1 0.14127 0 1.11375e-05 -3.48988e-06 0.257211  1.03493
ZONE I=5
1.35157 1.4127 -0.759448 0.650568 1 0.14127 0 1.11375e-05 -3.48988e-06 0.257211  1.03493
1.36616 1.42962 -0.755292 0.655388 1 0.142962 0 1.12259e-05 -3.53839e-06 0.26615  1.05542
1.38086 1.44646 -0.751126 0.660159 1 0.144646 0 1.13127e-05 -3.58622e-06 0.275219  1.07584
1.39566 1.46319 -0.746951 0.664879 1 0.146319 0 1.13978e-05 -3.63335e-06 0.284416  1.09621
1.41057 1.47984 -0.742767 0.669551 1 0.147984 0 1.14814e-05 -3.67977e-06 0.293741  1.11651
ZONE I=5
1.41057 1.47984 -0.742767 0.669551 1 0.147984 0 1.14814e-05 -3.67977e-06 0.293741  1.11651
1.42559 1.49639 -0.738574 0.674172 1 0.149639 0 1.15633e-05 -3.72546e-06 0.303194  1.13676
1.44071 1.51285 -0.734374 0.678745 1 0.151285 0 1.16437e-05 -3.77042e-06 0.312772  1.15695
1.45592 1.52921 -0.730167 0.683268 1 0.152921 0 1.17225e-05 -3.81463e-06 0.322475  1.17709
1.47124 1.54548 -0.725954 0.687743 1 0.154548 0 1.17998e-05 -3.85807e-06 0.332302  1.19716
ZONE I=5
1.47124 1.54548 -0.725954 0.687743 1 0.154548 0 1.17998e-05 -3.85807e-06 0.332302  1.19716
1.48666 1.56166 -0.721735 0.69217 1 0.156166 0 1.18757e-05 -3.90074e-06 0.342252  1.21717
1.50218 1.57774 -0.717511 0.696548 1 0.157774 0 1.195e-05 -3.94262e-06 0.352324  1.23712
1.5178 1.59373 -0.713282 0.700877 1 0.159373 0 1.20229e-05 -3.98371e-06 0.362516  1.257
1.53351 1.60962 -0.709049 0.70516 1 0.160962 0 1.20943e-05 -4.024e-06 0.372829  1.27683
ZONE I=5
1.53351 1.60962 -0.709049 0.70516 1 0.160962 0 1.20943e-05 -4.024e-06 0.372829  1.27683
1.54931 1.62542 -0.704812 0.709394 1 0.162542 0 1.21643e-05 -4.06347e-06 0.383261  1.29659
1.56521 1.64113 -0.700573 0.713581 1 0.164113 0 1.2233e-05 -4.10212e-06 0.39381  1.3163
1.58121 1.65674 -0.696331 0.717721 1 0.165674 0 1.23002e-05 -4.13994e-06 0.404477  1.33593
1.59729 1.67225 -0.692087 0.721814 1 0.167225 0 1.23662e-05 -4.17693e-06 0.415259  1.35551
ZONE I=5
1.59729 1.67225 -0.692087 0.721814 1 0.167225 0 1.23662e-05 -4.17693e-06 0.415259  1.35551
1.61347 1.68767 -0.687841 0.725861 1 0.168767 0 1.24307e-05 -4.21308e-06 0.426157  1.37502
1.62974 1.70299 -0.683595 0.729861 1 0.170299 0 1.2494e-05 -4.24837e-06 0.437168  1.39447
1.64609 1.71823 -0.679349 0.733816 1 0.171823 0 1.25561e-05 -4.28282e-06 0.448293  1.41385
1.66254 1.73336 -0.675102 0.737724 1 0.173336 0 1.26168e-05 -4.31641e-06 0.459529  1.43317
ZONE I=5
1.66254 1.73336 -0.675102 0.737724 1 0.173336 0 1.26168e-05 -4.31641e-06 0.459529  1.43317
1.67907 1.7484 -0.670857 0.741587 1 0.17484 0 1.26763e-05 -4.34914e-06 0.470877  1.45243
1.69568 1.76335 -0.666612 0.745405 1 0.176335 0 1.27346e-05 -4.381e-06 0.482335  1.47161
1.71239 1.7782 -0.662369 0.749178 1 0.17782 0 1.27918e-05 -4.41199e-06 0.493902  1.49074
1.72917 1.79295 -0.658128 0.752906 1 0.179295 0 1.28477e-05 -4.44212e-06 0.505577  1.50979
ZONE I=5
1.72917 1.79295 -0.658128 0.752906 1 0.179295 0 1.28477e-05 -4.44212e-06 0.505577  1.50979
1.74604 1.80762 -0.65389 0.75659 1 0.180762 0 1.29025e-05 -4.47138e-06 0.517359  1.52879
1.76299 1.82218 -0.649655 0.760229 1 0.182218 0 1.29562e-05 -4.49976e-06 0.529248  1.54771
1.78002 1.83665 -0.645423 0.763825 1 0.183665 0 1.30088e-05 -4.52727e-06 0.541241  1.56657
1.79713 1.85103 -0.641195 0.767378 1 0.185103 0 1.30603e-05 -4.5539e-06 0.553339  1.58536
ZONE I=5
1.79713 1.85103 -0.641195 0.767378 1 0.185103 0 1.30603e-05 -4.5539e-06 0.553339  1.58536
1.81432 1.86532 -0.636972 0.770887 1 0.186532 0 1.31107e-05 -4.57966e-06 0.565541  1.60409
1.83159 1.87951 -0.632753 0.774354 1 0.187951 0 1.31601e-05 -4.60455e-06 0.577845  1.62275
1.84894 1.8936 -0.62854 0.777777 1 0.18936 0 1.32085e-05 -4.62857e-06 0.59025  1.64134
1.86636 1.9076 -0.624332 0.781159 1 0.19076 0 1.32558e-05 -4.65171e-06 0.602756  1.65986
ZONE I=5
1.86636 1.9076 -0.624332 0.781159 1 0.19076 0 1.32558e-05 -4.65171e-06 0.602756  1.65986
1.88385 1.92151 -0.62013 0.784499 1 0.192151 0 1.33022e-05 -4.67399e-06 0.615361  1.67832
1.90143 1.93532 -0.615935 0.787797 1 0.193532 0 1.33477e-05 -4.6954e-06 0.628065  1.69671
1.91907 1.94904 -0.611747 0.791054 1 0.194904 0 1.33922e-05 -4.71595e-06 0.640867  1.71503
1.93679 1.96267 -0.607566 0.794269 1 0.196267 0 1.34358e-05 -4.73564e-06 0.653766  1.73328
ZONE I=5
1.93679 1.96267 -0.607566 0.794269 1 0.196267 0 1.34358e-05 -4.73564e-06 0.653766  1.73328
1.95458 1.9762 -0.603392 0.797444 1 0.19762 0 1.34785e-05 -4.75447e-06 0.66676  1.75147
1.97243 1.98964 -0.599227 0.800579 1 0.198964 0 1.35203e-05 -4.77244e-06 0.67985  1.76959
1.99036 2.00299 -0.59507 0.803674 1 0.200299 0 1.35613e-05 -4.78957e-06 0.693033  1.78764
2.00836 2.01624 -0.590922 0.806729 1 0.201624 0 1.36015e-05 -4.80585e-06 0.70631  1.80562
ZONE I=5
2.00836 2.01624 -0.590922 0.806729 1 0.201624 0 1.36015e-05 -4.80585e-06 0.70631  1.80562
2.02643 2.02941 -0.586783 0.809744 1 0.202941 0 1.36408e-05 -4.8213e-06 0.719679  1.82353
2.04456 2.04247 -0.582653 0.812721 1 0.204247 0 1.36793e-05 -4.83591e-06 0.733139  1.84137
2.06276 2.05545 -0.578534 0.815659 1 0.205545 0 1.37171e-05 -4.84969e-06 0.74669  1.85915
2.08102 2.06834 -0.574424 0.818558 1 0.206834 0 1.37541e-05 -4.86265e-06 0.760331  1.87686
ZONE I=5
2.08102 2.06834 -0.574424 0.818558 1 0.206834 0 1.37541e-05 -4.86265e-06 0.760331  1.87686
2.09935 2.08113 -0.570325 0.821419 1 0.208113 0 1.37903e-05 -4.8748e-06 0.77406  1.8945
2.11774 2.09383 -0.566237 0.824243 1 0.209383 0 1.38258e-05 -4.88613e-06 0.787876  1.91207
2.1362 2.10644 -0.562159 0.827029 1 0.210644 0 1.38606e-05 -4.89666e-06 0.80178  1.92957
2.15471 2.11896 -0.558094 0.829778 1 0.211896 0 1.38948e-05 -4.9064e-06 0.81577  1.947
ZONE I=5
2.15471 2.11896 -0.558094 0.829778 1 0.211896 0 1.38948e-05 -4.9064e-06 0.81577  1.947
2.17329 2.13139 -0.55404 0.83249 1 0.213139 0 1.39282e-05 -4.91534e-06 0.829845  1.96436
2.19193 2.14373 -0.549998 0.835166 1 0.214373 0 1.3961e-05 -4.92351e-06 0.844004  1.98166
2.21063 2.15598 -0.545968 0.837806 1 0.215598 0 1.39932e-05 -4.9309e-06 0.858247  1.99889
2.22938 2.16814 -0.541952 0.84041 1 0.216814 0 1.40247e-05 -4.93752e-06 0.872573  2.01605
ZONE I=5
2.22938 2.16814 -0.541952 0.84041 1 0.216814 0 1.40247e-05 -4.93752e-06 0.872573  2.01605
2.2482 2.18021 -0.537948 0.842978 1 0.218021 0 1.40557e-05 -4.94339e-06 0.88698  2.03314
2.26707 2.19219 -0.533957 0.845512 1 0.219219 0 1.4086e-05 -4.9485e-06 0.901468  2.05016
2.286 2.20408 -0.52998 0.84801 1 0.220408 0 1.41158e-05 -4.95288e-06 0.916036  2.06711
2.30498 2.21588 -0.526016 0.850475 1 0.221588 0 1.4145e-05 -4.95652e-06 0.930684  2.084
ZONE I=5
2.30498 2.21588 -0.526016 0.850475 1 0.221588 0 1.4145e-05 -4.95652e-06 0.930684  2.084
2.32402 2.2276 -0.522067 0.852905 1 0.22276 0 1.41737e-05 -4.95944e-06 0.94541  2.10081
2.34311 2.23922 -0.518131 0.855301 1 0.223922 0 1.42018e-05 -4.96165e-06 0.960213  2.11756
2.36225 2.25076 -0.51421 0.857664 1 0.225076 0 1.42294e-05 -4.96315e-06 0.975094  2.13424
2.38145 2.26221 -0.510304 0.859994 1 0.226221 0 1.42566e-05 -4.96396e-06 0.99005  2.15086
ZONE I=5
2.38145 2.26221 -0.510304 0.859994 1 0.226221 0 1.42566e-05 -4.96396e-06 0.99005  2.15086
2.4007 2.27358 -0.506413 0.862291 1 0.227358 0 1.42832e-05 -4.96407e-06 1.00508  2.1674
2.42 2.28485 -0.502537 0.864556 1 0.228485 0 1.43094e-05 -4.96351e-06 1.02019  2.18388
2.43935 2.29604 -0.498677 0.866788 1 0.229604 0 1.43351e-05 -4.96229e-06 1.03537  2.20029
2.45875 2.30715 -0.494832 0.868989 1 0.230715 0 1.43604e-05 -4.9604e-06 1.05062  2.21663
ZONE I=5
2.45875 2.30715 -0.494832 0.868989 1 0.230715 0 1.43604e-05 -4.9604e-06 1.05062  2.21663
2.4782 2.31817 -0.491003 0.871158 1 0.231817 0 1.43852e-05 -4.95787e-06 1.06595  2.2329
2.4977 2.3291 -0.48719 0.873296 1 0.23291 0 1.44096e-05 -4.9547e-06 1.08134  2.24911
2.51725 2.33995 -0.483393 0.875403 1 0.233995 0 1.44336e-05 -4.95091e-06 1.09681  2.26525
2.53684 2.35071 -0.479613 0.87748 1 0.235071 0 1.44572e-05 -4.94649e-06 1.11234  2.28132
ZONE I=5
2.53684 2.35071 -0.479613 0.87748 1 0.235071 0 1.44572e-05 -4.94649e-06 1.11234  2.28132
2.55648 2.36139 -0.475849 0.879527 1 0.236139 0 1.44804e-05 -4.94147e-06 1.12795  2.29733
2.57616 2.37199 -0.472102 0.881544 1 0.237199 0 1.45033e-05 -4.93585e-06 1.14362  2.31327
2.59589 2.3825 -0.468373 0.883531 1 0.23825 0 1.45258e-05 -4.92965e-06 1.15936  2.32914
2.61566 2.39293 -0.46466 0.885489 1 0.239293 0 1.45479e-05 -4.92286e-06 1.17517  2.34495
ZONE I=5
2.61566 2.39293 -0.46466 0.885489 1 0.239293 0 1.45479e-05 -4.92286e-06 1.17517  2.34495
2.63548 2.40327 -0.460965 0.887418 1 0.240327 0 1.45697e-05 -4.91552e-06 1.19105  2.36069
2.65534 2.41354 -0.457287 0.889319 1 0.241354 0 1.45912e-05 -4.90761e-06 1.20698  2.37636
2.67524 2.42372 -0.453627 0.891192 1 0.242372 0 1.46123e-05 -4.89917e-06 1.22299  2.39197
2.69518 2.43382 -0.449985 0.893036 1 0.243382 0 1.46332e-05 -4.89018e-06 1.23906  2.40751
ZONE I=5
2.69518 2.43382 -0.449985 0.893036 1 0.243382 0 1.46332e-05 -4.89018e-06 1.23906  2.40751
2.71517 2.44384 -0.446361 0.894853 1 0.244384 0 1.46537e-05 -4.88068e-06 1.25519  2.42299
2.73519 2.45377 -0.442755 0.896643 1 0.245377 0 1.4674e-05 -4.87066e-06 1.27138  2.4384
2.75526 2.46363 -0.439167 0.898405 1 0.246363 0 1.46939e-05 -4.86013e-06 1.28764  2.45375
2.77536 2.47341 -0.435598 0.900141 1 0.247341 0 1.47136e-05 -4.84912e-06 1.30395  2.46903
ZONE I=5
2.77536 2.47341 -0.435598 0.900141 1 0.247341 0 1.47136e-05 -4.84912e-06 1.30395  2.46903
2.7955 2.48311 -0.432047 0.901851 1 0.248311 0 1.47331e-05 -4.83762e-06 1.32033  2.48425
2.81568 2.49273 -0.428515 0.903535 1 0.249273 0 1.47523e-05 -4.82565e-06 1.33676  2.4994
2.8359 2.50227 -0.425002 0.905192 1 0.250227 0 1.47712e-05 -4.81322e-06 1.35326  2.51449
2.85615 2.51173 -0.421508 0.906825 1 0.251173 0 1.47899e-05 -4.80034e-06 1.36981  2.52951
ZONE I=5
2.85615 2.51173 -0.421508 0.906825 1 0.251173 0 1.47899e-05 -4.80034e-06 1.36981  2.52951
2.87644 2.52111 -0.418033 0.908432 1 0.252111 0 1.48084e-05 -4.78702e-06 1.38642  2.54447
2.89677 2.53042 -0.414577 0.910014 1 0.253042 0 1.48267e-05 -4.77327e-06 1.40309  2.55937
2.91713 2.53965 -0.41114 0.911572 1 0.253965 0 1.48447e-05 -4.75909e-06 1.41982  2.57421
2.93753 2.5488 -0.407722 0.913106 1 0.25488 0 1.48625e-05 -4.74452e-06 1.4366  2.58898
ZONE I=5
2.93753 2.5488 -0.407722 0.913106 1 0.25488 0 1.48625e-05 -4.74452e-06 1.4366  2.58898
2.95796 2.55788 -0.404324 0.914616 1 0.255788 0 1.48802e-05 -4.72954e-06 1.45343  2.60369
2.97842 2.56688 -0.400946 0.916102 1 0.256688 0 1.48976e-05 -4.71417e-06 1.47032  2.61833
2.99892 2.57581 -0.397587 0.917564 1 0.257581 0 1.49149e-05 -4.69843e-06 1.48726  2.63292
3.01945 2.58466 -0.394248 0.919004 1 0.258466 0 1.4932e-05 -4.68231e-06 1.50426  2.64744
ZONE I=5
3.01945 2.58466 -0.394248 0.919004 1 0.258466 0 1.4932e-05 -4.68231e-06 1.50426  2.64744
3.04001 2.59343 -0.390929 0.920421 1 0.259343 0 1.49489e-05 -4.66584e-06 1.52131  2.6619
3.0606 2.60214 -0.38763 0.921815 1 0.260214 0 1.49656e-05 -4.64902e-06 1.53841  2.6763
3.08123 2.61077 -0.384351 0.923187 1 0.261077 0 1.49822e-05 -4.63186e-06 1.55556  2.69064
3.10188 2.61932 -0.381092 0.924537 1 0.261932 0 1.49986e-05 -4.61438e-06 1.57277  2.70492
ZONE I=5
3.10188 2.61932 -0.381092 0.924537 1 0.261932 0 1.49986e-05 -4.61438e-06 1.57277  2.70492
3.12256 2.62781 -0.377853 0.925866 1 0.262781 0 1.50149e-05 -4.59657e-06 1.59002  2.71914
3.14328 2.63622 -0.374634 0.927173 1 0.263622 0 1.50311e-05 -4.57846e-06 1.60732  2.73329
3.16402 2.64456 -0.371436 0.928459 1 0.264456 0 1.50471e-05 -4.56004e-06 1.62468  2.74739
3.18479 2.65283 -0.368257 0.929724 1 0.265283 0 1.50629e-05 -4.54134e-06 1.64208  2.76143
ZONE I=5
3.18479 2.65283 -0.368257 0.929724 1 0.265283 0 1.50629e-05 -4.54134e-06 1.64208  2.76143
3.20559 2.66102 -0.3651 0.930968 1 0.266102 0 1.50787e-05 -4.52236e-06 1.65952  2.77541
3.22642 2.66915 -0.361962 0.932193 1 0.266915 0 1.50943e-05 -4.5031e-06 1.67702  2.78933
3.24727 2.67721 -0.358845 0.933397 1 0.267721 0 1.51098e-05 -4.48359e-06 1.69456  2.80319
3.26815 2.6852 -0.355749 0.934582 1 0.26852 0 1.51251e-05 -4.46382e-06 1.71215  2.81699
ZONE I=5
3.26815 2.6852 -0.355749 0.934582 1 0.26852 0 1.51251e-05 -4.46382e-06 1.71215  2.81699
3.28906 2.69312 -0.352673 0.935747 1 0.269312 0 1.51404e-05 -4.44381e-06 1.72978  2.83073
3.31 2.70097 -0.349618 0.936892 1 0.270097 0 1.51556e-05 -4.42357e-06 1.74746  2.84442
3.33095 2.70875 -0.346583 0.938019 1 0.270875 0 1.51706e-05 -4.4031e-06 1.76518  2.85805
3.35194 2.71646 -0.34357 0.939127 1 0.271646 0 1.51856e-05 -4.38241e-06 1.78295  2.87162
ZONE I=5
3.35194 2.71646 -0.34357 0.939127 1 0.271646 0 1.51856e-05 -4.38241e-06 1.78295  2.87162
3.37295 2.72411 -0.340576 0.940217 1 0.272411 0 1.52004e-05 -4.36152e-06 1.80076  2.88513
3.39398 2.73169 -0.337604 0.941288 1 0.273169 0 1.52152e-05 -4.34042e-06 1.81861  2.89859
3.41504 2.73921 -0.334652 0.942342 1 0.273921 0 1.52299e-05 -4.31914e-06 1.83651  2.91199
3.43611 2.74666 -0.331721 0.943377 1 0.274666 0 1.52445e-05 -4.29767e-06 1.85444  2.92534
ZONE I=5
3.43611 2.74666 -0.331721 0.943377 1 0.274666 0 1.52445e-05 -4.29767e-06 1.85444  2.92534
3.45722 2.75404 -0.328811 0.944396 1 0.275404 0 1.5259e-05 -4.27603e-06 1.87242  2.93863
3.47834 2.76136 -0.325922 0.945397 1 0.276136 0 1.52734e-05 -4.25423e-06 1.89044  2.95186
3.49949 2.76861 -0.323054 0.946381 1 0.276861 0 1.52878e-05 -4.23227e-06 1.9085  2.96504
3.52066 2.7758 -0.320206 0.947348 1 0.27758 0 1.53021e-05 -4.21016e-06 1.9266  2.97817
ZONE I=5
3.52066 2.7758 -0.320206 0.947348 1 0.27758 0 1.53021e-05 -4.21016e-06 1.9266  2.97817
3.54185 2.78293 -0.31738 0.948299 1 0.278293 0 1.53163e-05 -4.1879e-06 1.94474  2.99124
3.56306 2.79 -0.314574 0.949233 1 0.279 0 1.53304e-05 -4.16552e-06 1.96292  3.00426
3.5843 2.797 -0.311789 0.950151 1 0.2797 0 1.53445e-05 -4.14301e-06 1.98113  3.01722
3.60555 2.80394 -0.309025 0.951054 1 0.280394 0 1.53585e-05 -4.12038e-06 1.99938  3.03013
ZONE I=5
3.60555 2.80394 -0.309025 0.951054 1 0.280394 0 1.53585e-05 -4.12038e-06 1.99938  3.03013
3.62682 2.81082 -0.306282 0.951941 1 0.281082 0 1.53725e-05 -4.09764e-06 2.01767  3.04299
3.64812 2.81763 -0.303559 0.952813 1 0.281763 0 1.53864e-05 -4.07479e-06 2.036  3.0558
3.66943 2.82439 -0.300858 0.953669 1 0.282439 0 1.54002e-05 -4.05185e-06 2.05437  3.06855
3.69076 2.83109 -0.298177 0.954511 1 0.283109 0 1.5414e-05 -4.02883e-06 2.07277  3.08125
ZONE I=5
3.69076 2.83109 -0.298177 0.954511 1 0.283109 0 1.5414e-05 -4.02883e-06 2.07277  3.08125
3.71211 2.83772 -0.295517 0.955337 1 0.283772 0 1.54277e-05 -4.00572e-06 2.0912  3.0939
3.73348 2.8443 -0.292879 0.95615 1 0.28443 0 1.54414e-05 -3.98253e-06 2.10967  3.1065
3.75487 2.85082 -0.29026 0.956948 1 0.285082 0 1.5455e-05 -3.95928e-06 2.12818  3.11905
3.77627 2.85728 -0.287663 0.957732 1 0.285728 0 1.54686e-05 -3.93596e-06 2.14672  3.13154
ZONE I=5
3.77627 2.85728 -0.287663 0.957732 1 0.285728 0 1.54686e-05 -3.93596e-06 2.14672  3.13154
3.79769 2.86368 -0.285087 0.958502 1 0.286368 0 1.54821e-05 -3.91259e-06 2.16529  3.14399
3.81913 2.87003 -0.282531 0.959258 1 0.287003 0 1.54956e-05 -3.88918e-06 2.18389  3.15639
3.84059 2.87632 -0.279996 0.960001 1 0.287632 0 1.55091e-05 -3.86572e-06 2.20253  3.16874
3.86206 2.88255 -0.277481 0.960731 1 0.288255 0 1.55225e-05 -3.84222e-06 2.2212  3.18104
ZONE I=5
3.86206 2.88255 -0.277481 0.960731 1 0.288255 0 1.55225e-05 -3.84222e-06 2.2212  3.18104
3.88355 2.88873 -0.274988 0.961448 1 0.288873 0 1.55358e-05 -3.8187e-06 2.23991  3.19329
3.90505 2.89485 -0.272515 0.962152 1 0.289485 0 1.55492e-05 -3.79515e-06 2.25864  3.20549
3.92657 2.90091 -0.270062 0.962843 1 0.290091 0 1.55624e-05 -3.77158e-06 2.27741  3.21764
3.94811 2.90692 -0.26763 0.963522 1 0.290692 0 1.55757e-05 -3.74801e-06 2.29621  3.22975
ZONE I=5
3.94811 2.90692 -0.26763 0.963522 1 0.290692 0 1.55757e-05 -3.74801e-06 2.29621  3.22975
3.96966 2.91288 -0.265219 0.964188 1 0.291288 0 1.55889e-05 -3.72443e-06 2.31503  3.24181
3.99122 2.91878 -0.262829 0.964843 1 0.291878 0 1.5602e-05 -3.70084e-06 2.33389  3.25382
4.0128 2.92463 -0.260458 0.965485 1 0.292463 0 1.56152e-05 -3.67727e-06 2.35278  3.26579
4.0344 2.93043 -0.258109 0.966116 1 0.293043 0 1.56283e-05 -3.6537e-06 2.37169  3.27771
ZONE I=5
4.0344 2.93043 -0.258109 0.966116 1 0.293043 0 1.56283e-05 -3.6537e-06 2.37169  3.27771
4.056 2.93618 -0.255779 0.966735 1 0.293618 0 1.56413e-05 -3.63015e-06 2.39064  3.28958
4.07763 2.94187 -0.25347 0.967343 1 0.294187 0 1.56544e-05 -3.60662e-06 2.40961  3.30141
4.09926 2.94751 -0.251182 0.96794 1 0.294751 0 1.56674e-05 -3.58312e-06 2.42862  3.31319
4.12091 2.9531 -0.248913 0.968526 1 0.29531 0 1.56803e-05 -3.55965e-06 2.44764  3.32493
ZONE I=5
4.12091 2.9531 -0.248913 0.968526 1 0.29531 0 1.56803e-05 -3.55965e-06 2.44764  3.32493
4.14257 2.95864 -0.246665 0.969101 1 0.295864 0 1.56933e-05 -3.53622e-06 2.4667  3.33663
4.16425 2.96413 -0.244437 0.969665 1 0.296413 0 1.57062e-05 -3.51282e-06 2.48579  3.34828
4.18593 2.96957 -0.242229 0.970219 1 0.296957 0 1.57191e-05 -3.48947e-06 2.5049  3.35988
4.20763 2.97496 -0.240041 0.970763 1 0.297496 0 1.57319e-05 -3.46618e-06 2.52403  3.37145
ZONE I=5
4.20763 2.97496 -0.240041 0.970763 1 0.297496 0 1.57319e-05 -3.46618e-06 2.52403  3.37145
4.22934 2.98031 -0.237874 0.971296 1 0.298031 0 1.57447e-05 -3.44294e-06 2.5432  3.38297
4.25107 2.9856 -0.235726 0.97182 1 0.29856 0 1.57575e-05 -3.41975e-06 2.56238  3.39444
4.2728 2.99085 -0.233598 0.972333 1 0.299085 0 1.57703e-05 -3.39663e-06 2.5816  3.40588
4.29455 2.99605 -0.23149 0.972837 1 0.299605 0 1.5783e-05 -3.37358e-06 2.60084  3.41727
ZONE I=5
4.29455 2.99605 -0.23149 0.972837 1 0.299605 0 1.5783e-05 -3.37358e-06 2.60084  3.41727
4.3163 3.0012 -0.229402 0.973332 1 0.30012 0 1.57957e-05 -3.3506e-06 2.6201  3.42863
4.33807 3.00631 -0.227333 0.973817 1 0.300631 0 1.58084e-05 -3.3277e-06 2.63939  3.43994
4.35985 3.01137 -0.225285 0.974293 1 0.301137 0 1.5821e-05 -3.30487e-06 2.6587  3.45121
4.38164 3.01638 -0.223256 0.97476 1 0.301638 0 1.58336e-05 -3.28213e-06 2.67803  3.46244
ZONE I=5
4.38164 3.01638 -0.223256 0.97476 1 0.301638 0 1.58336e-05 -3.28213e-06 2.67803  3.46244
4.40344 3.02135 -0.221246 0.975218 1 0.302135 0 1.58462e-05 -3.25948e-06 2.69739  3.47363
4.42525 3.02627 -0.219256 0.975667 1 0.302627 0 1.58588e-05 -3.23691e-06 2.71677  3.48478
4.44707 3.03115 -0.217285 0.976108 1 0.303115 0 1.58713e-05 -3.21445e-06 2.73617  3.49589
4.4689 3.03599 -0.215334 0.97654 1 0.303599 0 1.58838e-05 -3.19208e-06 2.7556  3.50696
ZONE I=5
4.4689 3.03599 -0.215334 0.97654 1 0.303599 0 1.58838e-05 -3.19208e-06 2.7556  3.50696
4.49074 3.04078 -0.213402 0.976964 1 0.304078 0 1.58963e-05 -3.16981e-06 2.77505  3.51799
4.51259 3.04553 -0.211489 0.97738 1 0.304553 0 1.59088e-05 -3.14764e-06 2.79452  3.52899
4.53445 3.05024 -0.209596 0.977788 1 0.305024 0 1.59212e-05 -3.12558e-06 2.81401  3.53994
4.55631 3.05491 -0.207721 0.978188 1 0.305491 0 1.59336e-05 -3.10364e-06 2.83352  3.55086
ZONE I=5
4.55631 3.05491 -0.207721 0.978188 1 0.305491 0 1.59336e-05 -3.10364e-06 2.83352  3.55086
4.57819 3.05953 -0.205866 0.97858 1 0.305953 0 1.5946e-05 -3.08181e-06 2.85305  3.56174
4.60008 3.06411 -0.204029 0.978965 1 0.306411 0 1.59583e-05 -3.06009e-06 2.8726  3.57259
4.62197 3.06865 -0.202211 0.979342 1 0.306865 0 1.59707e-05 -3.03849e-06 2.89218  3.5834
4.64387 3.07316 -0.200413 0.979712 1 0.307316 0 1.59829e-05 -3.01702e-06 2.91177  3.59417
ZONE I=5
4.64387 3.07316 -0.200413 0.979712 1 0.307316 0 1.59829e-05 -3.01702e-06 2.91177  3.59417
4.66578 3.07762 -0.198633 0.980074 1 0.307762 0 1.59952e-05 -2.99567e-06 2.93138  3.60491
4.6877 3.08204 -0.196871 0.980429 1 0.308204 0 1.60075e-05 -2.97445e-06 2.95102  3.61561
4.70962 3.08642 -0.195128 0.980778 1 0.308642 0 1.60197e-05 -2.95335e-06 2.97067  3.62628
4.73156 3.09076 -0.193404 0.981119 1 0.309076 0 1.60319e-05 -2.9324e-06 2.99034  3.63691
ZONE I=5
4.73156 3.09076 -0.193404 0.981119 1 0.309076 0 1.60319e-05 -2.9324e-06 2.99034  3.63691
4.7535 3.09507 -0.191698 0.981454 1 0.309507 0 1.6044e-05 -2.91157e-06 3.01003  3.6475
4.77545 3.09934 -0.19001 0.981782 1 0.309934 0 1.60562e-05 -2.89088e-06 3.02973  3.65807
4.7974 3.10357 -0.188341 0.982104 1 0.310357 0 1.60683e-05 -2.87034e-06 3.04946  3.6686
4.81937 3.10776 -0.18669 0.982419 1 0.310776 0 1.60804e-05 -2.84993e-06 3.0692  3.67909
ZONE I=5
4.81937 3.10776 -0.18669 0.982419 1 0.310776 0 1.60804e-05 -2.84993e-06 3.0692  3.67909
4.84134 3.11192 -0.185057 0.982728 1 0.311192 0 1.60924e-05 -2.82967e-06 3.08896  3.68956
4.86331 3.11604 -0.183441 0.983031 1 0.311604 0 1.61045e-05 -2.80955e-06 3.10874  3.69999
4.8853 3.12012 -0.181844 0.983327 1 0.312012 0 1.61165e-05 -2.78958e-06 3.12854  3.71038
4.90729 3.12417 -0.180265 0.983618 1 0.312417 0 1.61284e-05 -2.76976e-06 3.14835  3.72075
ZONE I=5
4.90729 3.12417 -0.180265 0.983618 1 0.312417 0 1.61284e-05 -2.76976e-06 3.14835  3.72075
4.92928 3.12818 -0.178703 0.983903 1 0.312818 0 1.61404e-05 -2.75009e-06 3.16818  3.73108
4.95129 3.13216 -0.17716 0.984182 1 0.313216 0 1.61523e-05 -2.73057e-06 3.18802  3.74139
4.9733 3.1361 -0.175633 0.984456 1 0.31361 0 1.61642e-05 -2.71121e-06 3.20788  3.75166
4.99531 3.14001 -0.174125 0.984724 1 0.314001 0 1.61761e-05 -2.692e-06 3.22776  3.7619
ZONE I=5
4.99531 3.14001 -0.174125 0.984724 1 0.314001 0 1.61761e-05 -2.692e-06 3.22776  3.7619
5.01733 3.14389 -0.172633 0.984986 1 0.314389 0 1.61879e-05 -2.67296e-06 3.24765  3.77211
5.03936 3.14773 -0.171159 0.985243 1 0.314773 0 1.61997e-05 -2.65407e-06 3.26756  3.78229
5.06139 3.15154 -0.169702 0.985495 1 0.315154 0 1.62115e-05 -2.63534e-06 3.28748  3.79245
5.08343 3.15532 -0.168263 0.985742 1 0.315532 0 1.62233e-05 -2.61677e-06 3.30742  3.80257
ZONE I=5
5.08343 3.15532 -0.168263 0.985742 1 0.315532 0 1.62233e-05 -2.61677e-06 3.30742  3.80257
5.10548 3.15907 -0.16684 0.985984 1 0.315907 0 1.6235e-05 -2.59837e-06 3.32737  3.81266
5.12752 3.16278 -0.165435 0.986221 1 0.316278 0 1.62467e-05 -2.58013e-06 3.34734  3.82273
5.14958 3.16647 -0.164046 0.986453 1 0.316647 0 1.62584e-05 -2.56205e-06 3.36732  3.83276
5.17164 3.17012 -0.162674 0.98668 1 0.317012 0 1.62701e-05 -2.54414e-06 3.38731  3.84277
ZONE I=5
5.17164 3.17012 -0.162674 0.98668 1 0.317012 0 1.62701e-05 -2.54414e-06 3.38731  3.84277
5.1937 3.17374 -0.161319 0.986902 1 0.317374 0 1.62817e-05 -2.5264e-06 3.40732  3.85275
5.21577 3.17734 -0.159981 0.98712 1 0.317734 0 1.62933e-05 -2.50883e-06 3.42734  3.86271
5.23785 3.1809 -0.158659 0.987333 1 0.31809 0 1.63048e-05 -2.49142e-06 3.44738  3.87263
5.25993 3.18443 -0.157353 0.987542 1 0.318443 0 1.63164e-05 -2.47419e-06 3.46743  3.88253
ZONE I=5
5.25993 3.18443 -0.157353 0.987542 1 0.318443 0 1.63164e-05 -2.47419e-06 3.46743  3.88253
5.28201 3.18793 -0.156064 0.987747 1 0.318793 0 1.63279e-05 -2.45713e-06 3.48749  3.89241
5.3041 3.19141 -0.154791 0.987947 1 0.319141 0 1.63394e-05 -2.44024e-06 3.50756  3.90225
5.32619 3.19486 -0.153534 0.988143 1 0.319486 0 1.63508e-05 -2.42352e-06 3.52765  3.91208
5.34829 3.19828 -0.152294 0.988335 1 0.319828 0 1.63623e-05 -2.40698e-06 3.54775  3.92187
ZONE I=5
5.34829 3.19828 -0.152294 0.988335 1 0.319828 0 1.63623e-05 -2.40698e-06 3.54775  3.92187
5.37039 3.20167 -0.151069 0.988523 1 0.320167 0 1.63737e-05 -2.39061e-06 3.56786  3.93164
5.3925 3.20503 -0.14986 0.988707 1 0.320503 0 1.63851e-05 -2.37441e-06 3.58799  3.94139
5.41461 3.20837 -0.148667 0.988887 1 0.320837 0 1.63964e-05 -2.35839e-06 3.60812  3.95111
5.43672 3.21168 -0.14749 0.989064 1 0.321168 0 1.64077e-05 -2.34254e-06 3.62827  3.96081
ZONE I=5
5.43672 3.21168 -0.14749 0.989064 1 0.321168 0 1.64077e-05 -2.34254e-06 3.62827  3.96081
5.45884 3.21497 -0.146328 0.989236 1 0.321497 0 1.6419e-05 -2.32688e-06 3.64843  3.97049
5.48096 3.21822 -0.145181 0.989405 1 0.321822 0 1.64303e-05 -2.31138e-06 3.6686  3.98014
5.50308 3.22146 -0.14405 0.98957 1 0.322146 0 1.64415e-05 -2.29606e-06 3.68878  3.98976
5.52521 3.22467 -0.142935 0.989732 1 0.322467 0 1.64527e-05 -2.28092e-06 3.70897  3.99937
ZONE I=5
5.52521 3.22467 -0.142935 0.989732 1 0.322467 0 1.64527e-05 -2.28092e-06 3.70897  3.99937
5.54734 3.22785 -0.141834 0.98989 1 0.322785 0 1.64639e-05 -2.26596e-06 3.72918  4.00895
5.56948 3.23101 -0.140749 0.990045 1 0.323101 0 1.64751e-05 -2.25117e-06 3.74939  4.01851
5.59162 3.23414 -0.139679 0.990197 1 0.323414 0 1.64862e-05 -2.23656e-06 3.76961  4.02805
5.61376 3.23726 -0.138623 0.990345 1 0.323726 0 1.64973e-05 -2.22213e-06 3.78985  4.03756
ZONE I=5
5.61376 3.23726 -0.138623 0.990345 1 0.323726 0 1.64973e-05 -2.22213e-06 3.78985  4.03756
5.63591 3.24034 -0.137583 0.99049 1 0.324034 0 1.65084e-05 -2.20788e-06 3.81009  4.04706
5.65806 3.24341 -0.136557 0.990632 1 0.324341 0 1.65195e-05 -2.1938e-06 3.83035  4.05653
5.68021 3.24645 -0.135545 0.990771 1 0.324645 0 1.65305e-05 -2.1799e-06 3.85061  4.06599
5.70237 3.24947 -0.134549 0.990907 1 0.324947 0 1.65415e-05 -2.16618e-06 3.87088  4.07542
ZONE I=5
5.70237 3.24947 -0.134549 0.990907 1 0.324947 0 1.65415e-05 -2.16618e-06 3.87088  4.07542
5.72452 3.25247 -0.133566 0.99104 1 0.325247 0 1.65525e-05 -2.15264e-06 3.89117  4.08483
5.74669 3.25544 -0.132598 0.99117 1 0.325544 0 1.65634e-05 -2.13927e-06 3.91146  4.09422
5.76885 3.2584 -0.131644 0.991297 1 0.32584 0 1.65743e-05 -2.12608e-06 3.93176  4.10359
5.79102 3.26133 -0.130705 0.991421 1 0.326133 0 1.65852e-05 -2.11307e-06 3.95207  4.11295
ZONE I=5
5.79102 3.26133 -0.130705 0.991421 1 0.326133 0 1.65852e-05 -2.11307e-06 3.95207  4.11295
5.81319 3.26424 -0.129779 0.991543 1 0.326424 0 1.65961e-05 -2.10024e-06 3.97239  4.12228
5.83536 3.26714 -0.128867 0.991662 1 0.326714 0 1.6607e-05 -2.08758e-06 3.99272  4.1316
5.85754 3.27001 -0.127969 0.991778 1 0.327001 0 1.66178e-05 -2.0751e-06 4.01305  4.14089
5.87971 3.27286 -0.127085 0.991892 1 0.327286 0 1.66286e-05 -2.06279e-06 4.0334  4.15017
ZONE I=5
5.87971 3.27286 -0.127085 0.991892 1 0.327286 0 1.66286e-05 -2.06279e-06 4.0334  4.15017
5.90189 3.27569 -0.126214 0.992003 1 0.327569 0 1.66394e-05 -2.05066e-06 4.05375  4.15943
5.92408 3.2785 -0.125357 0.992112 1 0.32785 0 1.66501e-05 -2.03871e-06 4.07411  4.16867
5.94626 3.2813 -0.124513 0.992218 1 0.32813 0 1.66608e-05 -2.02692e-06 4.09448  4.1779
5.96845 3.28407 -0.123683 0.992322 1 0.328407 0 1.66715e-05 -2.01532e-06 4.11486  4.18711
ZONE I=5
5.96845 3.28407 -0.123683 0.992322 1 0.328407 0 1.66715e-05 -2.01532e-06 4.11486  4.18711
5.99064 3.28683 -0.122865 0.992423 1 0.328683 0 1.66822e-05 -2.00389e-06 4.13524  4.1963
6.01283 3.28957 -0.122061 0.992523 1 0.328957 0 1.66929e-05 -1.99263e-06 4.15563  4.20547
6.03503 3.29229 -0.12127 0.99262 1 0.329229 0 1.67035e-05 -1.98154e-06 4.17603  4.21463
6.05722 3.29499 -0.120492 0.992714 1 0.329499 0 1.67141e-05 -1.97063e-06 4.19644  4.22377
ZONE I=5
6.05722 3.29499 -0.120492 0.992714 1 0.329499 0 1.67141e-05 -1.97063e-06 4.19644  4.22377
6.07942 3.29768 -0.119726 0.992807 1 0.329768 0 1.67247e-05 -1.95989e-06 4.21685  4.2329
6.10162 3.30034 -0.118973 0.992897 1 0.330034 0 1.67353e-05 -1.94932e-06 4.23727  4.24201
6.12382 3.303 -0.118233 0.992986 1 0.3303 0 1.67458e-05 -1.93892e-06 4.2577  4.2511
6.14603 3.30563 -0.117505 0.993072 1 0.330563 0 1.67564e-05 -1.92869e-06 4.27814  4.26018
ZONE I=5
6.14603 3.30563 -0.117505 0.993072 1 0.330563 0 1.67564e-05 -1.92869e-06 4.27814  4.26018
6.16823 3.30825 -0.11679 0.993157 1 0.330825 0 1.67669e-05 -1.91863e-06 4.29858  4.26925
6.19044 3.31085 -0.116087 0.993239 1 0.331085 0 1.67774e-05 -1.90874e-06 4.31902  4.2783
6.21265 3.31344 -0.115396 0.99332 1 0.331344 0 1.67878e-05 -1.89902e-06 4.33948  4.28733
6.23487 3.31602 -0.114717 0.993398 1 0.331602 0 1.67983e-05 -1.88946e-06 4.35994  4.29635
ZONE I=5
6.23487 3.31602 -0.114717 0.993398 1 0.331602 0 1.67983e-05 -1.88946e-06 4.35994  4.29635
6.25708 3.31857 -0.11405 0.993475 1 0.331857 0 1.68087e-05 -1.88007e-06 4.3804  4.30536
6.27929 3.32112 -0.113395 0.99355 1 0.332112 0 1.68191e-05 -1.87085e-06 4.40087  4.31436
6.30151 3.32364 -0.112752 0.993623 1 0.332364 0 1.68295e-05 -1.86178e-06 4.42135  4.32334
6.32373 3.32616 -0.11212 0.993695 1 0.332616 0 1.68399e-05 -1.85289e-06 4.44183  4.33231
ZONE I=5
6.32373 3.32616 -0.11212 0.993695 1 0.332616 0 1.68399e-05 -1.85289e-06 4.44183  4.33231
6.34595 3.32866 -0.1115 0.993764 1 0.332866 0 1.68502e-05 -1.84416e-06 4.46232  4.34126
6.36817 3.33114 -0.110891 0.993833 1 0.333114 0 1.68605e-05 -1.83558e-06 4.48282  4.3502
6.3904 3.33362 -0.110294 0.993899 1 0.333362 0 1.68709e-05 -1.82717e-06 4.50332  4.35913
6.41262 3.33608 -0.109708 0.993964 1 0.333608 0 1.68811e-05 -1.81892e-06 4.52382  4.36805
ZONE I=5
6.41262 3.33608 -0.109708 0.993964 1 0.333608 0 1.68811e-05 -1.81892e-06 4.52382  4.36805
6.43485 3.33852 -0.109133 0.994027 1 0.333852 0 1.68914e-05 -1.81083e-06 4.54433  4.37696
6.45708 3.34096 -0.108569 0.994089 1 0.334096 0 1.69017e-05 -1.8029e-06 4.56485  4.38585
6.4793 3.34338 -0.108016 0.994149 1 0.334338 0 1.69119e-05 -1.79513e-06 4.58537  4.39473
6.50153 3.34579 -0.107474 0.994208 1 0.334579 0 1.69222e-05 -1.78751e-06 4.6059  4.4036
ZONE I=5
6.50153 3.34579 -0.107474 0.994208 1 0.334579 0 1.69222e-05 -1.78751e-06 4.6059  4.4036
6.52377 3.34819 -0.106942 0.994265 1 0.334819 0 1.69324e-05 -1.78005e-06 4.62643  4.41246
6.546 3.35057 -0.106421 0.994321 1 0.335057 0 1.69426e-05 -1.77274e-06 4.64696  4.42131
6.56823 3.35295 -0.105911 0.994376 1 0.335295 0 1.69528e-05 -1.76558e-06 4.6675  4.43015
6.59047 3.35531 -0.105411 0.994429 1 0.335531 0 1.6963e-05 -1.75858e-06 4.68805  4.43898
ZONE I=5
6.59047 3.35531 -0.105411 0.994429 1 0.335531 0 1.6963e-05 -1.75858e-06 4.68805  4.43898
6.61271 3.35766 -0.104921 0.994481 1 0.335766 0 1.69731e-05 -1.75172e-06 4.70859  4.4478
6.63494 3.36 -0.104441 0.994531 1 0.336 0 1.69833e-05 -1.74502e-06 4.72915  4.45661
6.65718 3.36233 -0.103972 0.99458 1 0.336233 0 1.69934e-05 -1.73847e-06 4.7497  4.4654
6.67942 3.36465 -0.103512 0.994628 1 0.336465 0 1.70035e-05 -1.73206e-06 4.77026  4.47419
ZONE I=5
6.67942 3.36465 -0.103512 0.994628 1 0.336465 0 1.70035e-05 -1.73206e-06 4.77026  4.47419
6.70166 3.36696 -0.103063 0.994675 1 0.336696 0 1.70136e-05 -1.7258e-06 4.79083  4.48297
6.72391 3.36926 -0.102623 0.99472 1 0.336926 0 1.70237e-05 -1.71969e-06 4.8114  4.49174
6.74615 3.37155 -0.102192 0.994765 1 0.337155 0 1.70338e-05 -1.71371e-06 4.83197  4.5005
6.76839 3.37383 -0.101772 0.994808 1 0.337383 0 1.70439e-05 -1.70789e-06 4.85255  4.50925
ZONE I=5
6.76839 3.37383 -0.101772 0.994808 1 0.337383 0 1.70439e-05 -1.70789e-06 4.85255  4.50925
6.79064 3.3761 -0.10136 0.99485 1 0.33761 0 1.70539e-05 -1.7022e-06 4.87313  4.518
6.81288 3.37836 -0.100958 0.994891 1 0.337836 0 1.7064e-05 -1.69666e-06 4.89371  4.52673
6.83513 3.38062 -0.100566 0.99493 1 0.338062 0 1.7074e-05 -1.69125e-06 4.9143  4.53546
6.85738 3.38286 -0.100182 0.994969 1 0.338286 0 1.70841e-05 -1.68598e-06 4.93489  4.54418
ZONE I=5
6.85738 3.38286 -0.100182 0.994969 1 0.338286 0 1.70841e-05 -1.68598e-06 4.93489  4.54418
6.87963 3.3851 -0.0998075 0.995007 1 0.33851 0 1.70941e-05 -1.68086e-06 4.95548  4.55289
6.90188 3.38732 -0.0994418 0.995043 1 0.338732 0 1.71041e-05 -1.67586e-06 4.97608  4.56159
6.92413 3.38954 -0.0990848 0.995079 1 0.338954 0 1.71141e-05 -1.671e-06 4.99668  4.57029
6.94638 3.39175 -0.0987366 0.995114 1 0.339175 0 1.71241e-05 -1.66627e-06 5.01729  4.57898
ZONE I=5
6.94638 3.39175 -0.0987366 0.995114 1 0.339175 0 1.71241e-05 -1.66627e-06 5.01729  4.57898
6.96863 3.39396 -0.098397 0.995147 1 0.339396 0 1.71341e-05 -1.66167e-06 5.03789  4.58766
6.99088 3.39616 -0.0980658 0.99518 1 0.339616 0 1.71441e-05 -1.65721e-06 5.0585  4.59633
7.01313 3.39834 -0.097743 0.995212 1 0.339834 0 1.71541e-05 -1.65287e-06 5.07911  4.605
7.03539 3.40053 -0.0974285 0.995243 1 0.340053 0 1.7164e-05 -1.64866e-06 5.09973  4.61366
ZONE I=5
7.03539 3.40053 -0.0974285 0.995243 1 0.340053 0 1.7164e-05 -1.64866e-06 5.09973  4.61366
7.05764 3.4027 -0.0971222 0.995272 1 0.34027 0 1.7174e-05 -1.64458e-06 5.12035  4.62232
7.0799 3.40487 -0.0968239 0.995302 1 0.340487 0 1.7184e-05 -1.64062e-06 5.14097  4.63097
7.10215 3.40703 -0.0965335 0.99533 1 0.340703 0 1.71939e-05 -1.63678e-06 5.16159  4.63961
7.12441 3.40919 -0.096251 0.995357 1 0.340919 0 1.72039e-05 -1.63307e-06 5.18222  4.64824
ZONE I=5
7.12441 3.40919 -0.096251 0.995357 1 0.340919 0 1.72039e-05 -1.63307e-06 5.18222  4.64824
7.14667 3.41134 -0.0959763 0.995384 1 0.341134 0 1.72138e-05 -1.62948e-06 5.20284  4.65687
7.16893 3.41348 -0.095709 0.995409 1 0.341348 0 1.72237e-05 -1.62601e-06 5.22347  4.6655
7.19118 3.41562 -0.0954493 0.995434 1 0.341562 0 1.72337e-05 -1.62265e-06 5.24411  4.67412
7.21344 3.41775 -0.0951972 0.995458 1 0.341775 0 1.72436e-05 -1.61941e-06 5.26474  4.68273
ZONE I=5
7.21344 3.41775 -0.0951972 0.995458 1 0.341775 0 1.72436e-05 -1.61941e-06 5.26474  4.68273
7.2357 3.41987 -0.0949523 0.995482 1 0.341987 0 1.72535e-05 -1.61629e-06 5.28538  4.69134
7.25796 3.42199 -0.0947145 0.995504 1 0.342199 0 1.72635e-05 -1.61328e-06 5.30602  4.69995
7.28022 3.42411 -0.0944838 0.995526 1 0.342411 0 1.72734e-05 -1.61038e-06 5.32666  4.70855
7.30248 3.42622 -0.0942602 0.995548 1 0.342622 0 1.72833e-05 -1.60759e-06 5.3473  4.71714
ZONE I=5
7.30248 3.42622 -0.0942602 0.995548 1 0.342622 0 1.72833e-05 -1.60759e-06 5.3473  4.71714
7.32474 3.42833 -0.0940435 0.995568 1 0.342833 0 1.72932e-05 -1.60491e-06 5.36795  4.72573
7.34701 3.43043 -0.0938334 0.995588 1 0.343043 0 1.73031e-05 -1.60234e-06 5.38859  4.73432
7.36927 3.43252 -0.09363 0.995607 1 0.343252 0 1.73131e-05 -1.59988e-06 5.40924  4.7429
7.39153 3.43461 -0.0934333 0.995626 1 0.343461 0 1.7323e-05 -1.59752e-06 5.42989  4.75147
ZONE I=5
7.39153 3.43461 -0.0934333 0.995626 1 0.343461 0 1.7323e-05 -1.59752e-06 5.42989  4.75147
7.41379 3.4367 -0.093243 0.995643 1 0.34367 0 1.73329e-05 -1.59526e-06 5.45054  4.76005
7.43606 3.43878 -0.0930589 0.995661 1 0.343878 0 1.73428e-05 -1.5931e-06 5.4712  4.76862
7.45832 3.44086 -0.0928811 0.995677 1 0.344086 0 1.73527e-05 -1.59105e-06 5.49185  4.77718
7.48059 3.44294 -0.0927095 0.995693 1 0.344294 0 1.73626e-05 -1.58909e-06 5.51251  4.78574
ZONE I=5
7.48059 3.44294 -0.0927095 0.995693 1 0.344294 0 1.73626e-05 -1.58909e-06 5.51251  4.78574
7.50285 3.44501 -0.092544 0.995709 1 0.344501 0 1.73726e-05 -1.58723e-06 5.53317  4.7943
7.52511 3.44708 -0.0923842 0.995723 1 0.344708 0 1.73825e-05 -1.58547e-06 5.55383  4.80286
7.54738 3.44914 -0.0922302 0.995738 1 0.344914 0 1.73924e-05 -1.5838e-06 5.57449  4.81141
7.56965 3.4512 -0.0920821 0.995751 1 0.34512 0 1.74023e-05 -1.58222e-06 5.59515  4.81996
ZONE I=5
7.56965 3.4512 -0.0920821 0.995751 1 0.34512 0 1.74023e-05 -1.58222e-06 5.59515  4.81996
7.59191 3.45326 -0.0919395 0.995765 1 0.345326 0 1.74122e-05 -1.58073e-06 5.61581  4.8285
7.61418 3.45531 -0.0918023 0.995777 1 0.345531 0 1.74222e-05 -1.57933e-06 5.63648  4.83704
7.63644 3.45736 -0.0916705 0.995789 1 0.345736 0 1.74321e-05 -1.57802e-06 5.65714  4.84558
7.65871 3.45941 -0.0915441 0.995801 1 0.345941 0 1.7442e-05 -1.57679e-06 5.67781  4.85412
ZONE I=5
7.65871 3.45941 -0.0915441 0.995801 1 0.345941 0 1.7442e-05 -1.57679e-06 5.67781  4.85412
7.68098 3.46146 -0.0914228 0.995812 1 0.346146 0 1.74519e-05 -1.57565e-06 5.69848  4.86266
7.70324 3.4635 -0.0913065 0.995823 1 0.34635 0 1.74619e-05 -1.57459e-06 5.71915  4.87119
7.72551 3.46554 -0.0911951 0.995833 1 0.346554 0 1.74718e-05 -1.57362e-06 5.73982  4.87972
7.74778 3.46758 -0.0910886 0.995843 1 0.346758 0 1.74817e-05 -1.57272e-06 5.76049  4.88825
ZONE I=5
7.74778 3.46758 -0.0910886 0.995843 1 0.346758 0 1.74817e-05 -1.57272e-06 5.76049  4.88825
7.77005 3.46961 -0.0909869 0.995852 1 0.346961 0 1.74917e-05 -1.5719e-06 5.78116  4.89677
7.79232 3.47165 -0.0908897 0.995861 1 0.347165 0 1.75016e-05 -1.57116e-06 5.80183  4.90529
7.81458 3.47368 -0.0907971 0.995869 1 0.347368 0 1.75116e-05 -1.57049e-06 5.82251  4.91382
7.83685 3.47571 -0.0907089 0.995877 1 0.347571 0 1.75215e-05 -1.56989e-06 5.84318  4.92233
ZONE I=5
7.83685 3.47571 -0.0907089 0.995877 1 0.347571 0 1.75215e-05 -1.56989e-06 5.84318  4.92233
7.85912 3.47774 -0.0906251 0.995885 1 0.347774 0 1.75315e-05 -1.56937e-06 5.86385  4.93085
7.88139 3.47976 -0.0905453 0.995892 1 0.347976 0 1.75414e-05 -1.56891e-06 5.88453  4.93937
7.90366 3.48179 -0.0904696 0.995899 1 0.348179 0 1.75514e-05 -1.56852e-06 5.90521  4.94788
7.92593 3.48381 -0.090398 0.995906 1 0.348381 0 1.75614e-05 -1.5682e-06 5.92588  4.9564
ZONE I=5
7.92593 3.48381 -0.090398 0.995906 1 0.348381 0 1.75614e-05 -1.5682e-06 5.92588  4.9564
7.9482 3.48583 -0.0903303 0.995912 1 0.348583 0 1.75714e-05 -1.56794e-06 5.94656  4.96491
7.97047 3.48785 -0.0902662 0.995918 1 0.348785 0 1.75813e-05 -1.56775e-06 5.96724  4.97342
7.99274 3.48986 -0.0902058 0.995923 1 0.348986 0 1.75913e-05 -1.56761e-06 5.98792  4.98193
8.015 3.49188 -0.090149 0.995928 1 0.349188 0 1.76013e-05 -1.56754e-06 6.0086  4.99043
ZONE I=5
8.015 3.49188 -0.090149 0.995928 1 0.349188 0 1.76013e-05 -1.56754e-06 6.0086  4.99043
8.03727 3.4939 -0.0900957 0.995933 1 0.34939 0 1.76113e-05 -1.56752e-06 6.02928  4.99894
8.05954 3.49591 -0.0900456 0.995938 1 0.349591 0 1.76213e-05 -1.56756e-06 6.04996  5.00744
8.08181 3.49792 -0.0899988 0.995942 1 0.349792 0 1.76313e-05 -1.56766e-06 6.07064  5.01595
8.10408 3.49994 -0.0899551 0.995946 1 0.349994 0 1.76413e-05 -1.5678e-06 6.09132  5.02445
ZONE I=5
8.10408 3.49994 -0.0899551 0.995946 1 0.349994 0 1.76413e-05 -1.5678e-06 6.09132  5.02445
8.12635 3.50195 -0.0899145 0.995949 1 0.350195 0 1.76513e-05 -1.568e-06 6.112  5.03295
8.14862 3.50396 -0.0898767 0.995953 1 0.350396 0 1.76613e-05 -1.56825e-06 6.13268  5.04146
8.17089 3.50597 -0.0898417 0.995956 1 0.350597 0 1.76713e-05 -1.56854e-06 6.15336  5.04996
8.19317 3.50797 -0.0898094 0.995959 1 0.350797 0 1.76813e-05 -1.56888e-06 6.17404  5.05846
ZONE I=5
8.19317 3.50797 -0.0898094 0.995959 1 0.350797 0 1.76813e-05 -1.56888e-06 6.17404  5.05846
8.21544 3.50998 -0.0897798 0.995962 1 0.350998 0 1.76914e-05 -1.56926e-06 6.19473  5.06696
8.23771 3.51199 -0.0897525 0.995964 1 0.351199 0 1.77014e-05 -1.56969e-06 6.21541  5.07546
8.25998 3.514 -0.0897276 0.995966 1 0.3514 0 1.77114e-05 -1.57015e-06 6.23609  5.08395
8.28225 3.516 -0.089705 0.995968 1 0.3516 0 1.77215e-05 -1.57066e-06 6.25677  5.09245
ZONE I=5
8.28225 3.516 -0.089705 0.995968 1 0.3516 0 1.77215e-05 -1.57066e-06 6.25677  5.09245
8.30452 3.51801 -0.0896846 0.99597 1 0.351801 0 1.77315e-05 -1.5712e-06 6.27746  5.10095
8.32679 3.52001 -0.0896662 0.995972 1 0.352001 0 1.77416e-05 -1.57177e-06 6.29814  5.10945
8.34906 3.52202 -0.0896496 0.995973 1 0.352202 0 1.77516e-05 -1.57238e-06 6.31882  5.11794
8.37133 3.52402 -0.089635 0.995975 1 0.352402 0 1.77617e-05 -1.57302e-06 6.33951  5.12644
ZONE I=5
8.37133 3.52402 -0.089635 0.995975 1 0.352402 0 1.77617e-05 -1.57302e-06 6.33951  5.12644
8.3936 3.52603 -0.0896222 0.995976 1 0.352603 0 1.77717e-05 -1.57369e-06 6.36019  5.13494
8.41587 3.52803 -0.0896108 0.995977 1 0.352803 0 1.77818e-05 -1.57439e-06 6.38087  5.14343
8.43814 3.53003 -0.0896009 0.995978 1 0.353003 0 1.77919e-05 -1.57511e-06 6.40156  5.15193
8.46041 3.53204 -0.0895926 0.995978 1 0.353204 0 1.78019e-05 -1.57586e-06 6.42224  5.16042
ZONE I=5
8.46041 3.53204 -0.0895926 0.995978 1 0.353204 0 1.78019e-05 -1.57586e-06 6.42224  5.16042
8.48268 3.53404 -0.0895855 0.995979 1 0.353404 0 1.7812e-05 -1.57663e-06 6.44293  5.16892
8.50495 3.53604 -0.0895795 0.99598 1 0.353604 0 1.78221e-05 -1.57742e-06 6.46361  5.17741
8.52722 3.53805 -0.0895746 0.99598 1 0.353805 0 1.78322e-05 -1.57823e-06 6.4843  5.18591
8.5495 3.54005 -0.0895708 0.99598 1 0.354005 0 1.78423e-05 -1.57905e-06 6.50498  5.1944
ZONE I=5
8.5495 3.54005 -0.0895708 0.99598 1 0.354005 0 1.78423e-05 -1.57905e-06 6.50498  5.1944
8.57177 3.54205 -0.0895678 0.995981 1 0.354205 0 1.78523e-05 -1.57989e-06 6.52566  5.2029
8.59404 3.54406 -0.0895655 0.995981 1 0.354406 0 1.78624e-05 -1.58075e-06 6.54635  5.21139
8.61631 3.54606 -0.0895638 0.995981 1 0.354606 0 1.78725e-05 -1.58161e-06 6.56703  5.21989
8.63858 3.54806 -0.0895627 0.995981 1 0.354806 0 1.78826e-05 -1.58248e-06 6.58772  5.22838
ZONE I=5
8.63858 3.54806 -0.0895627 0.995981 1 0.354806 0 1.78826e-05 -1.58248e-06 6.58772  5.22838
8.66085 3.55006 -0.0895621 0.995981 1 0.355006 0 1.78927e-05 -1.58337e-06 6.6084  5.23688
8.68312 3.55207 -0.0895617 0.995981 1 0.355207 0 1.79028e-05 -1.58425e-06 6.62909  5.24537
8.70539 3.55407 -0.0895616 0.995981 1 0.355407 0 1.79129e-05 -1.58514e-06 6.64977  5.25387
8.72766 3.55607 -0.0895616 0.995981 1 0.355607 0 1.7923e-05 -1.58604e-06 6.67045  5.26236
