ZONE I=5
0.8 0.5 -0.942951 0.332931 1 0.01 0 9.44578e-07 -1.56969e-07 0  0
0.807421 0.520986 -0.942629 0.333842 1 0.0104197 0 9.83909e-07 -1.63949e-07 0.000887846  0.0222423
0.814895 0.542057 -0.942311 0.334738 1 0.0108411 0 1.02338e-06 -1.7098e-07 0.00180095  0.0445807
0.822401 0.563154 -0.941995 0.335627 1 0.0112631 0 1.06287e-06 -1.78046e-07 0.00273666  0.0669534
0.829917 0.584219 -0.941678 0.336515 1 0.0116844 0 1.10228e-06 -1.85132e-07 0.0036923  0.0892984
ZONE I=5
0.829917 0.584219 -0.941678 0.336515 1 0.0116844 0 1.10228e-06 -1.85132e-07 0.0036923  0.0892984
0.837446 0.605255 -0.941362 0.337399 1 0.0121051 0 1.14161e-06 -1.92238e-07 0.00466803  0.11162
0.845 0.626301 -0.941047 0.338277 1 0.012526 0 1.18093e-06 -1.99373e-07 0.00566538  0.133958
0.852575 0.647344 -0.940733 0.339149 1 0.0129469 0 1.22023e-06 -2.06535e-07 0.00668378  0.156301
0.860169 0.668377 -0.940419 0.340018 1 0.0133675 0 1.25948e-06 -2.1372e-07 0.00772263  0.178638
ZONE I=5
0.860169 0.668377 -0.940419 0.340018 1 0.0133675 0 1.25948e-06 -2.1372e-07 0.00772263  0.178638
0.86778 0.689399 -0.940106 0.340882 1 0.013788 0 1.29869e-06 -2.20928e-07 0.00878189  0.20097
0.875412 0.710416 -0.939794 0.341741 1 0.0142083 0 1.33787e-06 -2.28162e-07 0.00986174  0.223304
0.883064 0.731428 -0.939483 0.342595 1 0.0146286 0 1.37701e-06 -2.35419e-07 0.010962  0.245638
0.890734 0.752432 -0.939173 0.343445 1 0.0150486 0 1.41611e-06 -2.427e-07 0.0120825  0.267971
ZONE I=5
0.890734 0.752432 -0.939173 0.343445 1 0.0150486 0 1.41611e-06 -2.427e-07 0.0120825  0.267971
0.898423 0.773428 -0.938863 0.34429 1 0.0154686 0 1.45518e-06 -2.50004e-07 0.0132231  0.290302
0.90613 0.794418 -0.938555 0.345131 1 0.0158884 0 1.49421e-06 -2.57331e-07 0.0143838  0.312632
0.913857 0.815401 -0.938247 0.345967 1 0.016308 0 1.5332e-06 -2.64681e-07 0.0155644  0.334961
0.921602 0.836377 -0.93794 0.346798 1 0.0167275 0 1.57216e-06 -2.72053e-07 0.0167648  0.357289
ZONE I=5
0.921602 0.836377 -0.93794 0.346798 1 0.0167275 0 1.57216e-06 -2.72053e-07 0.0167648  0.357289
0.929366 0.857347 -0.937634 0.347625 1 0.0171469 0 1.61109e-06 -2.79448e-07 0.017985  0.379616
0.937148 0.878309 -0.937328 0.348447 1 0.0175662 0 1.64998e-06 -2.86864e-07 0.0192249  0.401943
0.944949 0.899265 -0.937024 0.349265 1 0.0179853 0 1.68883e-06 -2.94302e-07 0.0204842  0.424267
0.952768 0.920214 -0.936721 0.350078 1 0.0184043 0 1.72765e-06 -3.01761e-07 0.021763  0.446591
ZONE I=5
0.952768 0.920214 -0.936721 0.350078 1 0.0184043 0 1.72765e-06 -3.01761e-07 0.021763  0.446591
0.960605 0.941156 -0.936418 0.350886 1 0.0188231 0 1.76643e-06 -3.09241e-07 0.0230611  0.468914
0.96846 0.962091 -0.936116 0.35169 1 0.0192418 0 1.80518e-06 -3.16743e-07 0.0243784  0.491236
0.976333 0.98302 -0.935816 0.35249 1 0.0196604 0 1.8439e-06 -3.24264e-07 0.0257149  0.513556
0.984223 1.00394 -0.935516 0.353285 1 0.0200788 0 1.88258e-06 -3.31806e-07 0.0270703  0.535875
ZONE I=5
0.984223 1.00394 -0.935516 0.353285 1 0.0200788 0 1.88258e-06 -3.31806e-07 0.0270703  0.535875
0.992132 1.02486 -0.935217 0.354076 1 0.0204971 0 1.92123e-06 -3.39369e-07 0.0284447  0.558193
1.00006 1.04577 -0.934919 0.354862 1 0.0209153 0 1.95984e-06 -3.46951e-07 0.0298379  0.58051
1.008 1.06667 -0.934622 0.355644 1 0.0213333 0 1.99842e-06 -3.54552e-07 0.0312498  0.602826
1.01596 1.08756 -0.934325 0.356421 1 0.0217512 0 2.03696e-06 -3.62173e-07 0.0326803  0.625141
ZONE I=5
1.01596 1.08756 -0.934325 0.356421 1 0.0217512 0 2.03696e-06 -3.62173e-07 0.0326803  0.625141
1.02394 1.10845 -0.93403 0.357194 1 0.022169 0 2.07548e-06 -3.69813e-07 0.0341293  0.647454
1.03194 1.12933 -0.933736 0.357963 1 0.0225867 0 2.11396e-06 -3.77471e-07 0.0355968  0.669767
1.03995 1.15021 -0.933443 0.358727 1 0.0230042 0 2.1524e-06 -3.85148e-07 0.0370825  0.692078
1.04798 1.17108 -0.93315 0.359487 1 0.0234215 0 2.19082e-06 -3.92844e-07 0.0385865  0.714387
ZONE I=5
1.04798 1.17108 -0.93315 0.359487 1 0.0234215 0 2.19082e-06 -3.92844e-07 0.0385865  0.714387
1.05603 1.19194 -0.932859 0.360242 1 0.0238388 0 2.2292e-06 -4.00558e-07 0.0401086  0.736696
1.06409 1.2128 -0.932568 0.360994 1 0.0242559 0 2.26754e-06 -4.08289e-07 0.0416487  0.759003
1.07217 1.23364 -0.932279 0.36174 1 0.0246729 0 2.30586e-06 -4.16038e-07 0.0432067  0.781309
1.08027 1.25449 -0.93199 0.362483 1 0.0250898 0 2.34414e-06 -4.23804e-07 0.0447826  0.803614
ZONE I=5
1.08027 1.25449 -0.93199 0.362483 1 0.0250898 0 2.34414e-06 -4.23804e-07 0.0447826  0.803614
1.08838 1.27532 -0.931703 0.363221 1 0.0255065 0 2.3824e-06 -4.31588e-07 0.0463761  0.825918
1.09651 1.29615 -0.931416 0.363955 1 0.0259231 0 2.42062e-06 -4.39388e-07 0.0479873  0.84822
1.10466 1.31698 -0.931131 0.364685 1 0.0263396 0 2.4588e-06 -4.47206e-07 0.049616  0.870521
1.11282 1.3378 -0.930846 0.36541 1 0.0267559 0 2.49696e-06 -4.55039e-07 0.0512621  0.892821
ZONE I=5
1.11282 1.3378 -0.930846 0.36541 1 0.0267559 0 2.49696e-06 -4.55039e-07 0.0512621  0.892821
1.121 1.35861 -0.930563 0.366132 1 0.0271721 0 2.53509e-06 -4.62889e-07 0.0529256  0.91512
1.12919 1.37941 -0.930281 0.366849 1 0.0275882 0 2.57318e-06 -4.70755e-07 0.0546063  0.937417
1.1374 1.40021 -0.929999 0.367562 1 0.0280042 0 2.61125e-06 -4.78636e-07 0.0563041  0.959713
1.14563 1.421 -0.929719 0.36827 1 0.02842 0 2.64928e-06 -4.86534e-07 0.058019  0.982007
ZONE I=5
1.14563 1.421 -0.929719 0.36827 1 0.02842 0 2.64928e-06 -4.86534e-07 0.058019  0.982007
1.15387 1.44179 -0.929439 0.368975 1 0.0288358 0 2.68729e-06 -4.94446e-07 0.0597508  1.0043
1.16213 1.46257 -0.929161 0.369675 1 0.0292513 0 2.72526e-06 -5.02374e-07 0.0614994  1.02659
1.17041 1.48334 -0.928884 0.370371 1 0.0296668 0 2.7632e-06 -5.10316e-07 0.0632648  1.04888
1.17869 1.50411 -0.928608 0.371063 1 0.0300822 0 2.80112e-06 -5.18274e-07 0.0650469  1.07117
ZONE I=5
1.17869 1.50411 -0.928608 0.371063 1 0.0300822 0 2.80112e-06 -5.18274e-07 0.0650469  1.07117
1.187 1.52487 -0.928332 0.371751 1 0.0304974 0 2.839e-06 -5.26245e-07 0.0668455  1.09346
1.19532 1.54562 -0.928058 0.372435 1 0.0309125 0 2.87686e-06 -5.34232e-07 0.0686606  1.11575
1.20366 1.56637 -0.927785 0.373115 1 0.0313274 0 2.91468e-06 -5.42232e-07 0.0704921  1.13803
1.21201 1.58712 -0.927513 0.37379 1 0.0317423 0 2.95248e-06 -5.50246e-07 0.0723398  1.16032
ZONE I=5
1.21201 1.58712 -0.927513 0.37379 1 0.0317423 0 2.95248e-06 -5.50246e-07 0.0723398  1.16032
1.22037 1.60785 -0.927242 0.374462 1 0.032157 0 2.99025e-06 -5.58273e-07 0.0742037  1.1826
1.22875 1.62858 -0.926972 0.37513 1 0.0325716 0 3.02799e-06 -5.66315e-07 0.0760837  1.20488
1.23715 1.64931 -0.926704 0.375793 1 0.0329861 0 3.0657e-06 -5.74369e-07 0.0779798  1.22716
1.24556 1.67003 -0.926436 0.376453 1 0.0334005 0 3.10338e-06 -5.82437e-07 0.0798917  1.24944
ZONE I=5
1.24556 1.67003 -0.926436 0.376453 1 0.0334005 0 3.10338e-06 -5.82437e-07 0.0798917  1.24944
1.25398 1.69074 -0.926169 0.377108 1 0.0338148 0 3.14104e-06 -5.90517e-07 0.0818194  1.27172
1.26242 1.71144 -0.925904 0.377759 1 0.0342289 0 3.17866e-06 -5.9861e-07 0.0837628  1.29399
1.27088 1.73215 -0.925639 0.378407 1 0.0346429 0 3.21626e-06 -6.06716e-07 0.0857219  1.31627
1.27935 1.75284 -0.925376 0.379051 1 0.0350568 0 3.25383e-06 -6.14834e-07 0.0876965  1.33854
ZONE I=5
1.27935 1.75284 -0.925376 0.379051 1 0.0350568 0 3.25383e-06 -6.14834e-07 0.0876965  1.33854
1.28783 1.77353 -0.925114 0.37969 1 0.0354706 0 3.29138e-06 -6.22964e-07 0.0896865  1.36081
1.29633 1.79421 -0.924853 0.380326 1 0.0358842 0 3.3289e-06 -6.31106e-07 0.0916919  1.38308
1.30484 1.81489 -0.924593 0.380958 1 0.0362978 0 3.36639e-06 -6.39259e-07 0.0937126  1.40535
1.31336 1.83556 -0.924334 0.381585 1 0.0367112 0 3.40385e-06 -6.47425e-07 0.0957484  1.42762
ZONE I=5
1.31336 1.83556 -0.924334 0.381585 1 0.0367112 0 3.40385e-06 -6.47425e-07 0.0957484  1.42762
1.3219 1.85623 -0.924076 0.382209 1 0.0371245 0 3.44129e-06 -6.55601e-07 0.0977993  1.44989
1.33046 1.87689 -0.923819 0.382829 1 0.0375377 0 3.4787e-06 -6.63789e-07 0.0998652  1.47215
1.33902 1.89754 -0.923563 0.383446 1 0.0379508 0 3.51609e-06 -6.71988e-07 0.101946  1.49441
1.3476 1.91819 -0.923309 0.384058 1 0.0383638 0 3.55345e-06 -6.80198e-07 0.104042  1.51668
ZONE I=5
1.3476 1.91819 -0.923309 0.384058 1 0.0383638 0 3.55345e-06 -6.80198e-07 0.104042  1.51668
1.3562 1.93883 -0.923056 0.384666 1 0.0387766 0 3.59078e-06 -6.88418e-07 0.106152  1.53894
1.36481 1.95947 -0.922803 0.385271 1 0.0391894 0 3.62809e-06 -6.96649e-07 0.108277  1.5612
1.37343 1.9801 -0.922552 0.385872 1 0.039602 0 3.66537e-06 -7.0489e-07 0.110416  1.58345
1.38206 2.00073 -0.922302 0.386469 1 0.0400145 0 3.70263e-06 -7.13142e-07 0.11257  1.60571
ZONE I=5
1.38206 2.00073 -0.922302 0.386469 1 0.0400145 0 3.70263e-06 -7.13142e-07 0.11257  1.60571
1.39071 2.02135 -0.922054 0.387062 1 0.0404269 0 3.73986e-06 -7.21403e-07 0.114739  1.62797
1.39937 2.04196 -0.921806 0.387652 1 0.0408392 0 3.77707e-06 -7.29674e-07 0.116921  1.65022
1.40805 2.06257 -0.921559 0.388237 1 0.0412514 0 3.81426e-06 -7.37955e-07 0.119118  1.67247
1.41673 2.08318 -0.921314 0.388819 1 0.0416635 0 3.85142e-06 -7.46245e-07 0.121329  1.69472
ZONE I=5
1.41673 2.08318 -0.921314 0.388819 1 0.0416635 0 3.85142e-06 -7.46245e-07 0.121329  1.69472
1.42544 2.10377 -0.92107 0.389398 1 0.0420755 0 3.88855e-06 -7.54545e-07 0.123554  1.71697
1.43415 2.12437 -0.920827 0.389972 1 0.0424873 0 3.92566e-06 -7.62853e-07 0.125792  1.73922
1.44288 2.14495 -0.920585 0.390543 1 0.0428991 0 3.96275e-06 -7.71171e-07 0.128045  1.76147
1.45161 2.16554 -0.920344 0.39111 1 0.0433107 0 3.99982e-06 -7.79498e-07 0.130311  1.78371
ZONE I=5
1.45161 2.16554 -0.920344 0.39111 1 0.0433107 0 3.99982e-06 -7.79498e-07 0.130311  1.78371
1.46037 2.18611 -0.920104 0.391674 1 0.0437223 0 4.03686e-06 -7.87833e-07 0.132591  1.80596
1.46913 2.20668 -0.919866 0.392234 1 0.0441337 0 4.07388e-06 -7.96176e-07 0.134885  1.8282
1.47791 2.22725 -0.919628 0.39279 1 0.044545 0 4.11087e-06 -8.04529e-07 0.137192  1.85044
1.4867 2.24781 -0.919392 0.393342 1 0.0449562 0 4.14785e-06 -8.12889e-07 0.139513  1.87268
ZONE I=5
1.4867 2.24781 -0.919392 0.393342 1 0.0449562 0 4.14785e-06 -8.12889e-07 0.139513  1.87268
1.4955 2.26837 -0.919157 0.393891 1 0.0453673 0 4.1848e-06 -8.21257e-07 0.141846  1.89492
1.50431 2.28892 -0.918923 0.394436 1 0.0457783 0 4.22172e-06 -8.29633e-07 0.144193  1.91716
1.51314 2.30946 -0.918691 0.394978 1 0.0461892 0 4.25863e-06 -8.38017e-07 0.146554  1.93939
1.52198 2.33 -0.918459 0.395516 1 0.0466 0 4.29551e-06 -8.46409e-07 0.148927  1.96163
ZONE I=5
1.52198 2.33 -0.918459 0.395516 1 0.0466 0 4.29551e-06 -8.46409e-07 0.148927  1.96163
1.53083 2.35054 -0.918229 0.396051 1 0.0470107 0 4.33238e-06 -8.54808e-07 0.151313  1.98386
1.53969 2.37107 -0.917999 0.396582 1 0.0474213 0 4.36922e-06 -8.63215e-07 0.153712  2.00609
1.54856 2.39159 -0.917771 0.397109 1 0.0478318 0 4.40604e-06 -8.71628e-07 0.156124  2.02832
1.55745 2.41211 -0.917544 0.397633 1 0.0482422 0 4.44284e-06 -8.80049e-07 0.158549  2.05055
ZONE I=5
1.55745 2.41211 -0.917544 0.397633 1 0.0482422 0 4.44284e-06 -8.80049e-07 0.158549  2.05055
1.56634 2.43262 -0.917319 0.398154 1 0.0486525 0 4.47961e-06 -8.88476e-07 0.160986  2.07278
1.57525 2.45313 -0.917094 0.39867 1 0.0490627 0 4.51637e-06 -8.96911e-07 0.163436  2.095
1.58417 2.47364 -0.916871 0.399184 1 0.0494727 0 4.55311e-06 -9.05351e-07 0.165899  2.11723
1.5931 2.49414 -0.916649 0.399694 1 0.0498827 0 4.58982e-06 -9.13799e-07 0.168374  2.13945
ZONE I=5
1.5931 2.49414 -0.916649 0.399694 1 0.0498827 0 4.58982e-06 -9.13799e-07 0.168374  2.13945
1.60205 2.51463 -0.916428 0.4002 1 0.0502926 0 4.62652e-06 -9.22252e-07 0.170861  2.16167
1.611 2.53512 -0.916208 0.400703 1 0.0507024 0 4.66319e-06 -9.30712e-07 0.17336  2.18389
1.61997 2.5556 -0.915989 0.401203 1 0.0511121 0 4.69985e-06 -9.39178e-07 0.175872  2.20611
1.62894 2.57608 -0.915772 0.401699 1 0.0515217 0 4.73649e-06 -9.4765e-07 0.178395  2.22833
ZONE I=5
1.62894 2.57608 -0.915772 0.401699 1 0.0515217 0 4.73649e-06 -9.4765e-07 0.178395  2.22833
1.63793 2.59656 -0.915555 0.402192 1 0.0519312 0 4.7731e-06 -9.56128e-07 0.180931  2.25055
1.64693 2.61703 -0.91534 0.402681 1 0.0523406 0 4.8097e-06 -9.64611e-07 0.183478  2.27276
1.65594 2.63749 -0.915126 0.403167 1 0.0527499 0 4.84628e-06 -9.731e-07 0.186038  2.29497
1.66496 2.65795 -0.914914 0.40365 1 0.0531591 0 4.88284e-06 -9.81595e-07 0.188609  2.31719
ZONE I=5
1.66496 2.65795 -0.914914 0.40365 1 0.0531591 0 4.88284e-06 -9.81595e-07 0.188609  2.31719
1.67399 2.67841 -0.914702 0.404129 1 0.0535682 0 4.91938e-06 -9.90094e-07 0.191192  2.3394
1.68303 2.69886 -0.914492 0.404605 1 0.0539772 0 4.95591e-06 -9.98599e-07 0.193786  2.36161
1.69209 2.71931 -0.914282 0.405077 1 0.0543862 0 4.99241e-06 -1.00711e-06 0.196392  2.38381
1.70115 2.73975 -0.914074 0.405547 1 0.054795 0 5.0289e-06 -1.01562e-06 0.199009  2.40602
ZONE I=5
1.70115 2.73975 -0.914074 0.405547 1 0.054795 0 5.0289e-06 -1.01562e-06 0.199009  2.40602
1.71022 2.76019 -0.913868 0.406012 1 0.0552037 0 5.06537e-06 -1.02414e-06 0.201638  2.42823
1.71931 2.78062 -0.913662 0.406475 1 0.0556124 0 5.10182e-06 -1.03267e-06 0.204278  2.45043
1.7284 2.80105 -0.913457 0.406934 1 0.0560209 0 5.13825e-06 -1.0412e-06 0.206929  2.47263
1.7375 2.82147 -0.913254 0.407391 1 0.0564294 0 5.17467e-06 -1.04973e-06 0.209591  2.49484
ZONE I=5
1.7375 2.82147 -0.913254 0.407391 1 0.0564294 0 5.17467e-06 -1.04973e-06 0.209591  2.49484
1.74662 2.84189 -0.913052 0.407843 1 0.0568378 0 5.21107e-06 -1.05827e-06 0.212265  2.51704
1.75574 2.8623 -0.912851 0.408293 1 0.057246 0 5.24745e-06 -1.06681e-06 0.214949  2.53924
1.76488 2.88271 -0.912651 0.408739 1 0.0576542 0 5.28382e-06 -1.07536e-06 0.217644  2.56143
1.77402 2.90312 -0.912453 0.409182 1 0.0580623 0 5.32016e-06 -1.08391e-06 0.22035  2.58363
ZONE I=5
1.77402 2.90312 -0.912453 0.409182 1 0.0580623 0 5.32016e-06 -1.08391e-06 0.22035  2.58363
1.78318 2.92352 -0.912255 0.409622 1 0.0584704 0 5.3565e-06 -1.09246e-06 0.223067  2.60582
1.79234 2.94391 -0.912059 0.410059 1 0.0588783 0 5.39281e-06 -1.10102e-06 0.225795  2.62802
1.80152 2.96431 -0.911864 0.410493 1 0.0592861 0 5.42911e-06 -1.10958e-06 0.228533  2.65021
1.8107 2.98469 -0.91167 0.410923 1 0.0596939 0 5.4654e-06 -1.11814e-06 0.231281  2.6724
ZONE I=5
1.8107 2.98469 -0.91167 0.410923 1 0.0596939 0 5.4654e-06 -1.11814e-06 0.231281  2.6724
1.81989 3.00508 -0.911477 0.41135 1 0.0601015 0 5.50167e-06 -1.12671e-06 0.23404  2.69459
1.8291 3.02546 -0.911286 0.411774 1 0.0605091 0 5.53792e-06 -1.13528e-06 0.236809  2.71678
1.83831 3.04583 -0.911095 0.412195 1 0.0609166 0 5.57416e-06 -1.14386e-06 0.239589  2.73897
1.84753 3.0662 -0.910906 0.412613 1 0.061324 0 5.61038e-06 -1.15244e-06 0.242379  2.76115
ZONE I=5
1.84753 3.0662 -0.910906 0.412613 1 0.061324 0 5.61038e-06 -1.15244e-06 0.242379  2.76115
1.85676 3.08657 -0.910718 0.413028 1 0.0617314 0 5.64659e-06 -1.16102e-06 0.245179  2.78334
1.866 3.10693 -0.910531 0.41344 1 0.0621386 0 5.68278e-06 -1.1696e-06 0.247989  2.80552
1.87525 3.12729 -0.910346 0.413848 1 0.0625458 0 5.71896e-06 -1.17819e-06 0.250809  2.8277
1.88451 3.14764 -0.910161 0.414254 1 0.0629528 0 5.75513e-06 -1.18678e-06 0.253639  2.84988
ZONE I=5
1.88451 3.14764 -0.910161 0.414254 1 0.0629528 0 5.75513e-06 -1.18678e-06 0.253639  2.84988
1.89378 3.16799 -0.909978 0.414656 1 0.0633598 0 5.79128e-06 -1.19537e-06 0.256479  2.87206
1.90305 3.18834 -0.909796 0.415056 1 0.0637667 0 5.82741e-06 -1.20397e-06 0.259328  2.89424
1.91234 3.20868 -0.909615 0.415452 1 0.0641736 0 5.86354e-06 -1.21256e-06 0.262188  2.91642
1.92163 3.22902 -0.909435 0.415846 1 0.0645803 0 5.89965e-06 -1.22116e-06 0.265056  2.93859
ZONE I=5
1.92163 3.22902 -0.909435 0.415846 1 0.0645803 0 5.89965e-06 -1.22116e-06 0.265056  2.93859
1.93093 3.24935 -0.909257 0.416236 1 0.064987 0 5.93574e-06 -1.22977e-06 0.267935  2.96077
1.94025 3.26968 -0.909079 0.416624 1 0.0653936 0 5.97182e-06 -1.23837e-06 0.270823  2.98294
1.94957 3.29 -0.908903 0.417008 1 0.0658001 0 6.00789e-06 -1.24698e-06 0.27372  3.00511
1.9589 3.31033 -0.908728 0.417389 1 0.0662065 0 6.04395e-06 -1.25558e-06 0.276627  3.02728
ZONE I=5
1.9589 3.31033 -0.908728 0.417389 1 0.0662065 0 6.04395e-06 -1.25558e-06 0.276627  3.02728
1.96823 3.33064 -0.908554 0.417768 1 0.0666129 0 6.07999e-06 -1.26419e-06 0.279543  3.04945
1.97758 3.35096 -0.908381 0.418144 1 0.0670192 0 6.11602e-06 -1.27281e-06 0.282468  3.07162
1.98693 3.37127 -0.908209 0.418516 1 0.0674254 0 6.15204e-06 -1.28142e-06 0.285402  3.09379
1.9963 3.39157 -0.908039 0.418886 1 0.0678315 0 6.18804e-06 -1.29004e-06 0.288346  3.11596
ZONE I=5
1.9963 3.39157 -0.908039 0.418886 1 0.0678315 0 6.18804e-06 -1.29004e-06 0.288346  3.11596
2.00567 3.41188 -0.90787 0.419253 1 0.0682375 0 6.22404e-06 -1.29865e-06 0.291298  3.13812
2.01504 3.43218 -0.907701 0.419617 1 0.0686435 0 6.26002e-06 -1.30727e-06 0.294259  3.16028
2.02443 3.45247 -0.907534 0.419978 1 0.0690494 0 6.29599e-06 -1.31589e-06 0.29723  3.18245
2.03383 3.47276 -0.907368 0.420336 1 0.0694552 0 6.33195e-06 -1.32451e-06 0.300208  3.20461
ZONE I=5
2.03383 3.47276 -0.907368 0.420336 1 0.0694552 0 6.33195e-06 -1.32451e-06 0.300208  3.20461
2.04323 3.49305 -0.907204 0.420692 1 0.069861 0 6.36789e-06 -1.33313e-06 0.303196  3.22677
2.05264 3.51333 -0.90704 0.421044 1 0.0702667 0 6.40383e-06 -1.34176e-06 0.306192  3.24893
2.06206 3.53361 -0.906878 0.421394 1 0.0706723 0 6.43975e-06 -1.35038e-06 0.309197  3.27109
2.07149 3.55389 -0.906716 0.421741 1 0.0710778 0 6.47567e-06 -1.359e-06 0.312211  3.29324
ZONE I=5
2.07149 3.55389 -0.906716 0.421741 1 0.0710778 0 6.47567e-06 -1.359e-06 0.312211  3.29324
2.08092 3.57416 -0.906556 0.422085 1 0.0714832 0 6.51157e-06 -1.36763e-06 0.315232  3.3154
2.09036 3.59443 -0.906397 0.422426 1 0.0718886 0 6.54746e-06 -1.37626e-06 0.318263  3.33755
2.09981 3.6147 -0.90624 0.422765 1 0.072294 0 6.58334e-06 -1.38488e-06 0.321301  3.3597
2.10927 3.63496 -0.906083 0.4231 1 0.0726992 0 6.61921e-06 -1.39351e-06 0.324348  3.38186
ZONE I=5
2.10927 3.63496 -0.906083 0.4231 1 0.0726992 0 6.61921e-06 -1.39351e-06 0.324348  3.38186
2.11873 3.65522 -0.905927 0.423433 1 0.0731044 0 6.65507e-06 -1.40214e-06 0.327403  3.40401
2.1282 3.67547 -0.905773 0.423764 1 0.0735095 0 6.69092e-06 -1.41077e-06 0.330466  3.42616
2.13768 3.69573 -0.905619 0.424091 1 0.0739145 0 6.72676e-06 -1.4194e-06 0.333537  3.44831
2.14717 3.71597 -0.905467 0.424416 1 0.0743195 0 6.76259e-06 -1.42803e-06 0.336616  3.47045
ZONE I=5
2.14717 3.71597 -0.905467 0.424416 1 0.0743195 0 6.76259e-06 -1.42803e-06 0.336616  3.47045
2.15666 3.73622 -0.905316 0.424738 1 0.0747244 0 6.79842e-06 -1.43666e-06 0.339703  3.4926
2.16617 3.75646 -0.905166 0.425058 1 0.0751292 0 6.83423e-06 -1.44529e-06 0.342798  3.51475
2.17567 3.7767 -0.905018 0.425374 1 0.075534 0 6.87003e-06 -1.45392e-06 0.3459  3.53689
2.18519 3.79694 -0.90487 0.425688 1 0.0759387 0 6.90583e-06 -1.46255e-06 0.34901  3.55903
ZONE I=5
2.18519 3.79694 -0.90487 0.425688 1 0.0759387 0 6.90583e-06 -1.46255e-06 0.34901  3.55903
2.19471 3.81717 -0.904723 0.426 1 0.0763433 0 6.94161e-06 -1.47118e-06 0.352128  3.58118
2.20424 3.8374 -0.904578 0.426309 1 0.0767479 0 6.97739e-06 -1.47981e-06 0.355254  3.60332
2.21378 3.85762 -0.904433 0.426615 1 0.0771524 0 7.01315e-06 -1.48844e-06 0.358387  3.62546
2.22332 3.87784 -0.90429 0.426918 1 0.0775569 0 7.04891e-06 -1.49707e-06 0.361527  3.6476
ZONE I=5
2.22332 3.87784 -0.90429 0.426918 1 0.0775569 0 7.04891e-06 -1.49707e-06 0.361527  3.6476
2.23287 3.89806 -0.904148 0.427219 1 0.0779612 0 7.08466e-06 -1.5057e-06 0.364675  3.66973
2.24242 3.91828 -0.904007 0.427517 1 0.0783656 0 7.12041e-06 -1.51433e-06 0.367831  3.69187
2.25199 3.93849 -0.903867 0.427813 1 0.0787698 0 7.15614e-06 -1.52296e-06 0.370993  3.71401
2.26156 3.9587 -0.903728 0.428106 1 0.079174 0 7.19187e-06 -1.53159e-06 0.374163  3.73614
ZONE I=5
2.26156 3.9587 -0.903728 0.428106 1 0.079174 0 7.19187e-06 -1.53159e-06 0.374163  3.73614
2.27113 3.97891 -0.903591 0.428397 1 0.0795781 0 7.22759e-06 -1.54022e-06 0.37734  3.75828
2.28072 3.99911 -0.903454 0.428685 1 0.0799822 0 7.2633e-06 -1.54884e-06 0.380524  3.78041
2.2903 4.01931 -0.903319 0.42897 1 0.0803862 0 7.299e-06 -1.55747e-06 0.383715  3.80254
2.2999 4.03951 -0.903184 0.429253 1 0.0807901 0 7.3347e-06 -1.5661e-06 0.386913  3.82467
ZONE I=5
2.2999 4.03951 -0.903184 0.429253 1 0.0807901 0 7.3347e-06 -1.5661e-06 0.386913  3.82467
2.3095 4.0597 -0.903051 0.429534 1 0.081194 0 7.37039e-06 -1.57472e-06 0.390118  3.8468
2.31911 4.07989 -0.902918 0.429812 1 0.0815979 0 7.40607e-06 -1.58335e-06 0.393329  3.86893
2.32872 4.10008 -0.902787 0.430087 1 0.0820016 0 7.44175e-06 -1.59197e-06 0.396548  3.89106
2.33834 4.12027 -0.902657 0.43036 1 0.0824053 0 7.47742e-06 -1.60059e-06 0.399773  3.91318
ZONE I=5
2.33834 4.12027 -0.902657 0.43036 1 0.0824053 0 7.47742e-06 -1.60059e-06 0.399773  3.91318
2.34797 4.14045 -0.902528 0.430631 1 0.082809 0 7.51308e-06 -1.60921e-06 0.403005  3.93531
2.3576 4.16063 -0.9024 0.430899 1 0.0832126 0 7.54874e-06 -1.61783e-06 0.406243  3.95743
2.36724 4.18081 -0.902273 0.431165 1 0.0836161 0 7.58439e-06 -1.62645e-06 0.409488  3.97956
2.37688 4.20098 -0.902147 0.431428 1 0.0840196 0 7.62003e-06 -1.63507e-06 0.41274  4.00168
ZONE I=5
2.37688 4.20098 -0.902147 0.431428 1 0.0840196 0 7.62003e-06 -1.63507e-06 0.41274  4.00168
2.38653 4.22115 -0.902023 0.431689 1 0.084423 0 7.65567e-06 -1.64369e-06 0.415998  4.0238
2.39619 4.24132 -0.901899 0.431947 1 0.0848264 0 7.6913e-06 -1.6523e-06 0.419262  4.04592
2.40585 4.26148 -0.901776 0.432203 1 0.0852297 0 7.72693e-06 -1.66092e-06 0.422533  4.06805
2.41552 4.28165 -0.901655 0.432457 1 0.085633 0 7.76255e-06 -1.66953e-06 0.42581  4.09016
ZONE I=5
2.41552 4.28165 -0.901655 0.432457 1 0.085633 0 7.76255e-06 -1.66953e-06 0.42581  4.09016
2.42519 4.30181 -0.901534 0.432708 1 0.0860362 0 7.79816e-06 -1.67814e-06 0.429093  4.11228
2.43487 4.32197 -0.901415 0.432957 1 0.0864393 0 7.83377e-06 -1.68675e-06 0.432382  4.1344
2.44455 4.34212 -0.901296 0.433203 1 0.0868424 0 7.86938e-06 -1.69536e-06 0.435677  4.15652
2.45424 4.36227 -0.901179 0.433448 1 0.0872455 0 7.90498e-06 -1.70396e-06 0.438978  4.17863
ZONE I=5
2.45424 4.36227 -0.901179 0.433448 1 0.0872455 0 7.90498e-06 -1.70396e-06 0.438978  4.17863
2.46394 4.38242 -0.901062 0.43369 1 0.0876484 0 7.94057e-06 -1.71257e-06 0.442286  4.20075
2.47364 4.40257 -0.900947 0.433929 1 0.0880514 0 7.97616e-06 -1.72117e-06 0.445599  4.22286
2.48334 4.42271 -0.900833 0.434166 1 0.0884543 0 8.01174e-06 -1.72977e-06 0.448918  4.24497
2.49305 4.44286 -0.900719 0.434401 1 0.0888571 0 8.04732e-06 -1.73837e-06 0.452243  4.26709
ZONE I=5
2.49305 4.44286 -0.900719 0.434401 1 0.0888571 0 8.04732e-06 -1.73837e-06 0.452243  4.26709
2.50277 4.463 -0.900607 0.434634 1 0.0892599 0 8.0829e-06 -1.74697e-06 0.455573  4.2892
2.51249 4.48313 -0.900496 0.434865 1 0.0896626 0 8.11847e-06 -1.75557e-06 0.458909  4.31131
2.52222 4.50327 -0.900386 0.435093 1 0.0900653 0 8.15404e-06 -1.76416e-06 0.462251  4.33342
2.53195 4.5234 -0.900276 0.435319 1 0.090468 0 8.1896e-06 -1.77275e-06 0.465599  4.35553
ZONE I=5
2.53195 4.5234 -0.900276 0.435319 1 0.090468 0 8.1896e-06 -1.77275e-06 0.465599  4.35553
2.54169 4.54353 -0.900168 0.435542 1 0.0908706 0 8.22516e-06 -1.78134e-06 0.468952  4.37763
2.55143 4.56366 -0.900061 0.435764 1 0.0912731 0 8.26072e-06 -1.78993e-06 0.47231  4.39974
2.56117 4.58378 -0.899955 0.435983 1 0.0916756 0 8.29627e-06 -1.79852e-06 0.475674  4.42185
2.57092 4.6039 -0.89985 0.4362 1 0.0920781 0 8.33182e-06 -1.8071e-06 0.479043  4.44395
ZONE I=5
2.57092 4.6039 -0.89985 0.4362 1 0.0920781 0 8.33182e-06 -1.8071e-06 0.479043  4.44395
2.58068 4.62402 -0.899745 0.436415 1 0.0924805 0 8.36736e-06 -1.81568e-06 0.482418  4.46606
2.59044 4.64414 -0.899642 0.436628 1 0.0928828 0 8.4029e-06 -1.82426e-06 0.485797  4.48816
2.60021 4.66426 -0.89954 0.436838 1 0.0932851 0 8.43844e-06 -1.83284e-06 0.489182  4.51026
2.60998 4.68437 -0.899439 0.437047 1 0.0936874 0 8.47398e-06 -1.84141e-06 0.492572  4.53237
ZONE I=5
2.60998 4.68437 -0.899439 0.437047 1 0.0936874 0 8.47398e-06 -1.84141e-06 0.492572  4.53237
2.61975 4.70448 -0.899338 0.437253 1 0.0940896 0 8.50951e-06 -1.84998e-06 0.495968  4.55447
2.62953 4.72459 -0.899239 0.437457 1 0.0944918 0 8.54504e-06 -1.85855e-06 0.499368  4.57657
2.63932 4.7447 -0.899141 0.437659 1 0.0948939 0 8.58056e-06 -1.86712e-06 0.502773  4.59867
2.64911 4.7648 -0.899044 0.437859 1 0.095296 0 8.61609e-06 -1.87569e-06 0.506183  4.62077
ZONE I=5
2.64911 4.7648 -0.899044 0.437859 1 0.095296 0 8.61609e-06 -1.87569e-06 0.506183  4.62077
2.6589 4.7849 -0.898947 0.438057 1 0.095698 0 8.65161e-06 -1.88425e-06 0.509598  4.64286
2.6687 4.805 -0.898852 0.438253 1 0.0961 0 8.68713e-06 -1.89281e-06 0.513018  4.66496
2.6785 4.8251 -0.898757 0.438447 1 0.096502 0 8.72264e-06 -1.90136e-06 0.516443  4.68706
2.6883 4.8452 -0.898664 0.438638 1 0.0969039 0 8.75816e-06 -1.90992e-06 0.519872  4.70916
ZONE I=5
2.6883 4.8452 -0.898664 0.438638 1 0.0969039 0 8.75816e-06 -1.90992e-06 0.519872  4.70916
2.69811 4.86529 -0.898571 0.438828 1 0.0973058 0 8.79367e-06 -1.91847e-06 0.523306  4.73125
2.70793 4.88538 -0.89848 0.439015 1 0.0977076 0 8.82918e-06 -1.92702e-06 0.526745  4.75335
2.71775 4.90547 -0.898389 0.439201 1 0.0981094 0 8.86469e-06 -1.93557e-06 0.530189  4.77544
2.72757 4.92556 -0.898299 0.439384 1 0.0985112 0 8.90019e-06 -1.94411e-06 0.533636  4.79753
ZONE I=5
2.72757 4.92556 -0.898299 0.439384 1 0.0985112 0 8.90019e-06 -1.94411e-06 0.533636  4.79753
2.7374 4.94564 -0.89821 0.439566 1 0.0989129 0 8.9357e-06 -1.95265e-06 0.537089  4.81963
2.74723 4.96573 -0.898122 0.439745 1 0.0993145 0 8.9712e-06 -1.96119e-06 0.540546  4.84172
2.75706 4.98581 -0.898036 0.439923 1 0.0997162 0 9.0067e-06 -1.96973e-06 0.544007  4.86381
2.7669 5.00589 -0.897949 0.440099 1 0.100118 0 9.0422e-06 -1.97826e-06 0.547472  4.8859
ZONE I=5
2.7669 5.00589 -0.897949 0.440099 1 0.100118 0 9.0422e-06 -1.97826e-06 0.547472  4.8859
2.77674 5.02597 -0.897864 0.440272 1 0.100519 0 9.0777e-06 -1.98679e-06 0.550942  4.90799
2.78659 5.04604 -0.89778 0.440444 1 0.100921 0 9.1132e-06 -1.99531e-06 0.554416  4.93008
2.79644 5.06612 -0.897697 0.440614 1 0.101322 0 9.14869e-06 -2.00384e-06 0.557894  4.95217
2.8063 5.08619 -0.897614 0.440781 1 0.101724 0 9.18419e-06 -2.01236e-06 0.561377  4.97425
ZONE I=5
2.8063 5.08619 -0.897614 0.440781 1 0.101724 0 9.18419e-06 -2.01236e-06 0.561377  4.97425
2.81615 5.10626 -0.897533 0.440947 1 0.102125 0 9.21968e-06 -2.02088e-06 0.564863  4.99634
2.82602 5.12633 -0.897452 0.441111 1 0.102527 0 9.25518e-06 -2.02939e-06 0.568354  5.01843
2.83588 5.14639 -0.897373 0.441273 1 0.102928 0 9.29067e-06 -2.0379e-06 0.571849  5.04051
2.84575 5.16646 -0.897294 0.441434 1 0.103329 0 9.32616e-06 -2.04641e-06 0.575347  5.0626
ZONE I=5
2.84575 5.16646 -0.897294 0.441434 1 0.103329 0 9.32616e-06 -2.04641e-06 0.575347  5.0626
2.85562 5.18652 -0.897216 0.441592 1 0.10373 0 9.36165e-06 -2.05492e-06 0.57885  5.08468
2.8655 5.20658 -0.897139 0.441749 1 0.104132 0 9.39714e-06 -2.06342e-06 0.582356  5.10677
2.87538 5.22664 -0.897063 0.441903 1 0.104533 0 9.43264e-06 -2.07192e-06 0.585866  5.12885
2.88526 5.2467 -0.896987 0.442056 1 0.104934 0 9.46813e-06 -2.08042e-06 0.58938  5.15093
ZONE I=5
2.88526 5.2467 -0.896987 0.442056 1 0.104934 0 9.46813e-06 -2.08042e-06 0.58938  5.15093
2.89515 5.26676 -0.896913 0.442207 1 0.105335 0 9.50362e-06 -2.08891e-06 0.592898  5.17302
2.90504 5.28681 -0.896839 0.442356 1 0.105736 0 9.53911e-06 -2.0974e-06 0.596419  5.1951
2.91493 5.30687 -0.896767 0.442504 1 0.106137 0 9.5746e-06 -2.10588e-06 0.599945  5.21718
2.92483 5.32692 -0.896695 0.442649 1 0.106538 0 9.61009e-06 -2.11437e-06 0.603473  5.23926
ZONE I=5
2.92483 5.32692 -0.896695 0.442649 1 0.106538 0 9.61009e-06 -2.11437e-06 0.603473  5.23926
2.93473 5.34697 -0.896624 0.442793 1 0.106939 0 9.64558e-06 -2.12285e-06 0.607005  5.26134
2.94463 5.36702 -0.896554 0.442935 1 0.10734 0 9.68107e-06 -2.13132e-06 0.610541  5.28342
2.95454 5.38706 -0.896484 0.443076 1 0.107741 0 9.71656e-06 -2.1398e-06 0.61408  5.3055
2.96444 5.40711 -0.896416 0.443214 1 0.108142 0 9.75205e-06 -2.14827e-06 0.617623  5.32758
ZONE I=5
2.96444 5.40711 -0.896416 0.443214 1 0.108142 0 9.75205e-06 -2.14827e-06 0.617623  5.32758
2.97436 5.42715 -0.896348 0.443351 1 0.108543 0 9.78754e-06 -2.15673e-06 0.621169  5.34965
2.98427 5.44719 -0.896281 0.443486 1 0.108944 0 9.82303e-06 -2.1652e-06 0.624719  5.37173
2.99419 5.46723 -0.896215 0.44362 1 0.109345 0 9.85852e-06 -2.17366e-06 0.628271  5.39381
3.00411 5.48727 -0.89615 0.443751 1 0.109745 0 9.89402e-06 -2.18211e-06 0.631827  5.41588
ZONE I=5
3.00411 5.48727 -0.89615 0.443751 1 0.109745 0 9.89402e-06 -2.18211e-06 0.631827  5.41588
3.01403 5.50731 -0.896086 0.443881 1 0.110146 0 9.92951e-06 -2.19056e-06 0.635387  5.43796
3.02396 5.52735 -0.896022 0.44401 1 0.110547 0 9.96501e-06 -2.19901e-06 0.638949  5.46003
3.03389 5.54738 -0.895959 0.444136 1 0.110948 0 1.00005e-05 -2.20746e-06 0.642515  5.48211
3.04382 5.56742 -0.895897 0.444261 1 0.111348 0 1.0036e-05 -2.2159e-06 0.646083  5.50418
ZONE I=5
3.04382 5.56742 -0.895897 0.444261 1 0.111348 0 1.0036e-05 -2.2159e-06 0.646083  5.50418
3.05376 5.58745 -0.895836 0.444385 1 0.111749 0 1.00715e-05 -2.22434e-06 0.649655  5.52626
3.0637 5.60748 -0.895776 0.444507 1 0.11215 0 1.0107e-05 -2.23278e-06 0.65323  5.54833
3.07364 5.62751 -0.895716 0.444627 1 0.11255 0 1.01425e-05 -2.24121e-06 0.656807  5.5704
3.08358 5.64754 -0.895657 0.444745 1 0.112951 0 1.0178e-05 -2.24964e-06 0.660388  5.59247
ZONE I=5
3.08358 5.64754 -0.895657 0.444745 1 0.112951 0 1.0178e-05 -2.24964e-06 0.660388  5.59247
3.09353 5.66756 -0.895599 0.444862 1 0.113351 0 1.02135e-05 -2.25806e-06 0.663972  5.61455
3.10348 5.68759 -0.895542 0.444978 1 0.113752 0 1.0249e-05 -2.26648e-06 0.667558  5.63662
3.11343 5.70761 -0.895485 0.445091 1 0.114152 0 1.02845e-05 -2.2749e-06 0.671147  5.65869
3.12338 5.72764 -0.895429 0.445204 1 0.114553 0 1.032e-05 -2.28331e-06 0.674739  5.68076
ZONE I=5
3.12338 5.72764 -0.895429 0.445204 1 0.114553 0 1.032e-05 -2.28331e-06 0.674739  5.68076
3.13334 5.74766 -0.895374 0.445314 1 0.114953 0 1.03555e-05 -2.29172e-06 0.678334  5.70283
3.1433 5.76768 -0.89532 0.445423 1 0.115354 0 1.0391e-05 -2.30013e-06 0.681931  5.7249
3.15326 5.7877 -0.895267 0.445531 1 0.115754 0 1.04265e-05 -2.30853e-06 0.685532  5.74697
3.16322 5.80772 -0.895214 0.445637 1 0.116154 0 1.04621e-05 -2.31693e-06 0.689134  5.76903
ZONE I=5
3.16322 5.80772 -0.895214 0.445637 1 0.116154 0 1.04621e-05 -2.31693e-06 0.689134  5.76903
3.17319 5.82773 -0.895162 0.445742 1 0.116555 0 1.04976e-05 -2.32533e-06 0.69274  5.7911
3.18316 5.84775 -0.89511 0.445845 1 0.116955 0 1.05331e-05 -2.33372e-06 0.696348  5.81317
3.19313 5.86776 -0.89506 0.445946 1 0.117355 0 1.05686e-05 -2.34211e-06 0.699958  5.83524
3.2031 5.88778 -0.89501 0.446046 1 0.117756 0 1.06041e-05 -2.35049e-06 0.703571  5.8573
ZONE I=5
3.2031 5.88778 -0.89501 0.446046 1 0.117756 0 1.06041e-05 -2.35049e-06 0.703571  5.8573
3.21307 5.90779 -0.894961 0.446145 1 0.118156 0 1.06397e-05 -2.35888e-06 0.707186  5.87937
3.22305 5.9278 -0.894912 0.446242 1 0.118556 0 1.06752e-05 -2.36725e-06 0.710804  5.90144
3.23303 5.94781 -0.894865 0.446338 1 0.118956 0 1.07107e-05 -2.37563e-06 0.714424  5.9235
3.24301 5.96782 -0.894817 0.446432 1 0.119356 0 1.07462e-05 -2.384e-06 0.718047  5.94557
ZONE I=5
3.24301 5.96782 -0.894817 0.446432 1 0.119356 0 1.07462e-05 -2.384e-06 0.718047  5.94557
3.253 5.98783 -0.894771 0.446525 1 0.119757 0 1.07818e-05 -2.39236e-06 0.721672  5.96763
3.26298 6.00784 -0.894726 0.446616 1 0.120157 0 1.08173e-05 -2.40073e-06 0.725299  5.9897
3.27297 6.02784 -0.894681 0.446707 1 0.120557 0 1.08528e-05 -2.40909e-06 0.728928  6.01176
3.28296 6.04785 -0.894636 0.446795 1 0.120957 0 1.08884e-05 -2.41744e-06 0.73256  6.03383
ZONE I=5
3.28296 6.04785 -0.894636 0.446795 1 0.120957 0 1.08884e-05 -2.41744e-06 0.73256  6.03383
3.29295 6.06785 -0.894593 0.446882 1 0.121357 0 1.09239e-05 -2.42579e-06 0.736194  6.05589
3.30294 6.08785 -0.89455 0.446968 1 0.121757 0 1.09595e-05 -2.43414e-06 0.739829  6.07795
3.31294 6.10786 -0.894507 0.447053 1 0.122157 0 1.0995e-05 -2.44248e-06 0.743467  6.10001
3.32294 6.12786 -0.894466 0.447136 1 0.122557 0 1.10306e-05 -2.45082e-06 0.747107  6.12208
ZONE I=5
3.32294 6.12786 -0.894466 0.447136 1 0.122557 0 1.10306e-05 -2.45082e-06 0.747107  6.12208
3.33294 6.14786 -0.894425 0.447218 1 0.122957 0 1.10661e-05 -2.45916e-06 0.750749  6.14414
3.34294 6.16786 -0.894385 0.447299 1 0.123357 0 1.11017e-05 -2.46749e-06 0.754394  6.1662
3.35294 6.18786 -0.894345 0.447378 1 0.123757 0 1.11372e-05 -2.47582e-06 0.75804  6.18826
3.36294 6.20785 -0.894306 0.447456 1 0.124157 0 1.11728e-05 -2.48415e-06 0.761688  6.21032
ZONE I=5
3.36294 6.20785 -0.894306 0.447456 1 0.124157 0 1.11728e-05 -2.48415e-06 0.761688  6.21032
3.37295 6.22785 -0.894268 0.447532 1 0.124557 0 1.12084e-05 -2.49247e-06 0.765337  6.23238
3.38296 6.24785 -0.89423 0.447608 1 0.124957 0 1.12439e-05 -2.50079e-06 0.768989  6.25444
3.39297 6.26784 -0.894193 0.447682 1 0.125357 0 1.12795e-05 -2.5091e-06 0.772643  6.2765
3.40298 6.28784 -0.894156 0.447755 1 0.125757 0 1.13151e-05 -2.51742e-06 0.776298  6.29856
ZONE I=5
3.40298 6.28784 -0.894156 0.447755 1 0.125757 0 1.13151e-05 -2.51742e-06 0.776298  6.29856
3.41299 6.30783 -0.894121 0.447826 1 0.126157 0 1.13506e-05 -2.52572e-06 0.779955  6.32062
3.42301 6.32782 -0.894085 0.447897 1 0.126556 0 1.13862e-05 -2.53403e-06 0.783614  6.34268
3.43302 6.34782 -0.894051 0.447966 1 0.126956 0 1.14218e-05 -2.54233e-06 0.787275  6.36474
3.44304 6.36781 -0.894017 0.448034 1 0.127356 0 1.14574e-05 -2.55062e-06 0.790937  6.3868
ZONE I=5
3.44304 6.36781 -0.894017 0.448034 1 0.127356 0 1.14574e-05 -2.55062e-06 0.790937  6.3868
3.45306 6.3878 -0.893983 0.4481 1 0.127756 0 1.1493e-05 -2.55891e-06 0.794601  6.40886
3.46308 6.40779 -0.89395 0.448166 1 0.128156 0 1.15286e-05 -2.5672e-06 0.798267  6.43092
3.4731 6.42778 -0.893918 0.44823 1 0.128556 0 1.15641e-05 -2.57549e-06 0.801934  6.45298
3.48313 6.44776 -0.893886 0.448293 1 0.128955 0 1.15997e-05 -2.58377e-06 0.805603  6.47503
ZONE I=5
3.48313 6.44776 -0.893886 0.448293 1 0.128955 0 1.15997e-05 -2.58377e-06 0.805603  6.47503
3.49315 6.46775 -0.893855 0.448355 1 0.129355 0 1.16353e-05 -2.59205e-06 0.809273  6.49709
3.50318 6.48774 -0.893825 0.448416 1 0.129755 0 1.16709e-05 -2.60032e-06 0.812945  6.51915
3.5132 6.50772 -0.893795 0.448476 1 0.130154 0 1.17065e-05 -2.60859e-06 0.816619  6.5412
3.52323 6.52771 -0.893765 0.448535 1 0.130554 0 1.17422e-05 -2.61686e-06 0.820294  6.56326
ZONE I=5
3.52323 6.52771 -0.893765 0.448535 1 0.130554 0 1.17422e-05 -2.61686e-06 0.820294  6.56326
3.53326 6.54769 -0.893737 0.448592 1 0.130954 0 1.17778e-05 -2.62512e-06 0.82397  6.58532
3.54329 6.56768 -0.893708 0.448648 1 0.131354 0 1.18134e-05 -2.63338e-06 0.827647  6.60737
3.55333 6.58766 -0.893681 0.448704 1 0.131753 0 1.1849e-05 -2.64164e-06 0.831327  6.62943
3.56336 6.60765 -0.893653 0.448758 1 0.132153 0 1.18846e-05 -2.64989e-06 0.835007  6.65149
ZONE I=5
3.56336 6.60765 -0.893653 0.448758 1 0.132153 0 1.18846e-05 -2.64989e-06 0.835007  6.65149
3.5734 6.62763 -0.893627 0.448811 1 0.132553 0 1.19202e-05 -2.65814e-06 0.838689  6.67354
3.58343 6.64761 -0.893601 0.448863 1 0.132952 0 1.19559e-05 -2.66638e-06 0.842372  6.6956
3.59347 6.66759 -0.893575 0.448914 1 0.133352 0 1.19915e-05 -2.67463e-06 0.846056  6.71765
3.60351 6.68757 -0.89355 0.448964 1 0.133751 0 1.20271e-05 -2.68286e-06 0.849742  6.73971
ZONE I=5
3.60351 6.68757 -0.89355 0.448964 1 0.133751 0 1.20271e-05 -2.68286e-06 0.849742  6.73971
3.61355 6.70755 -0.893525 0.449013 1 0.134151 0 1.20628e-05 -2.6911e-06 0.853428  6.76176
3.62359 6.72753 -0.893501 0.449061 1 0.134551 0 1.20984e-05 -2.69933e-06 0.857116  6.78382
3.63363 6.74751 -0.893478 0.449108 1 0.13495 0 1.21341e-05 -2.70756e-06 0.860805  6.80587
3.64367 6.76749 -0.893455 0.449154 1 0.13535 0 1.21697e-05 -2.71578e-06 0.864496  6.82792
ZONE I=5
3.64367 6.76749 -0.893455 0.449154 1 0.13535 0 1.21697e-05 -2.71578e-06 0.864496  6.82792
3.65372 6.78747 -0.893432 0.449199 1 0.135749 0 1.22054e-05 -2.724e-06 0.868187  6.84998
3.66376 6.80744 -0.89341 0.449242 1 0.136149 0 1.2241e-05 -2.73222e-06 0.871879  6.87203
3.67381 6.82742 -0.893388 0.449285 1 0.136548 0 1.22767e-05 -2.74043e-06 0.875573  6.89408
3.68386 6.8474 -0.893367 0.449327 1 0.136948 0 1.23123e-05 -2.74864e-06 0.879268  6.91614
ZONE I=5
3.68386 6.8474 -0.893367 0.449327 1 0.136948 0 1.23123e-05 -2.74864e-06 0.879268  6.91614
3.6939 6.86737 -0.893347 0.449368 1 0.137347 0 1.2348e-05 -2.75685e-06 0.882963  6.93819
3.70395 6.88735 -0.893326 0.449409 1 0.137747 0 1.23837e-05 -2.76505e-06 0.88666  6.96024
3.714 6.90732 -0.893307 0.449448 1 0.138146 0 1.24193e-05 -2.77325e-06 0.890357  6.9823
3.72405 6.9273 -0.893287 0.449486 1 0.138546 0 1.2455e-05 -2.78145e-06 0.894056  7.00435
ZONE I=5
3.72405 6.9273 -0.893287 0.449486 1 0.138546 0 1.2455e-05 -2.78145e-06 0.894056  7.00435
3.7341 6.94727 -0.893269 0.449523 1 0.138945 0 1.24907e-05 -2.78964e-06 0.897756  7.0264
3.74415 6.96725 -0.89325 0.44956 1 0.139345 0 1.25264e-05 -2.79783e-06 0.901456  7.04845
3.75421 6.98722 -0.893232 0.449596 1 0.139744 0 1.25621e-05 -2.80602e-06 0.905157  7.07051
3.76426 7.00719 -0.893215 0.44963 1 0.140144 0 1.25978e-05 -2.8142e-06 0.908859  7.09256
ZONE I=5
3.76426 7.00719 -0.893215 0.44963 1 0.140144 0 1.25978e-05 -2.8142e-06 0.908859  7.09256
3.77432 7.02717 -0.893198 0.449664 1 0.140543 0 1.26335e-05 -2.82238e-06 0.912562  7.11461
3.78437 7.04714 -0.893181 0.449697 1 0.140943 0 1.26692e-05 -2.83056e-06 0.916266  7.13666
3.79443 7.06711 -0.893165 0.449729 1 0.141342 0 1.27049e-05 -2.83874e-06 0.919971  7.15871
3.80448 7.08708 -0.893149 0.449761 1 0.141742 0 1.27406e-05 -2.84691e-06 0.923676  7.18077
ZONE I=5
3.80448 7.08708 -0.893149 0.449761 1 0.141742 0 1.27406e-05 -2.84691e-06 0.923676  7.18077
3.81454 7.10705 -0.893134 0.449791 1 0.142141 0 1.27763e-05 -2.85507e-06 0.927383  7.20282
3.8246 7.12702 -0.893119 0.449821 1 0.14254 0 1.2812e-05 -2.86324e-06 0.93109  7.22487
3.83466 7.147 -0.893104 0.44985 1 0.14294 0 1.28477e-05 -2.8714e-06 0.934797  7.24692
3.84472 7.16697 -0.89309 0.449878 1 0.143339 0 1.28834e-05 -2.87956e-06 0.938506  7.26897
ZONE I=5
3.84472 7.16697 -0.89309 0.449878 1 0.143339 0 1.28834e-05 -2.87956e-06 0.938506  7.26897
3.85478 7.18694 -0.893076 0.449906 1 0.143739 0 1.29191e-05 -2.88771e-06 0.942215  7.29102
3.86484 7.20691 -0.893063 0.449932 1 0.144138 0 1.29549e-05 -2.89586e-06 0.945924  7.31307
3.8749 7.22687 -0.89305 0.449958 1 0.144537 0 1.29906e-05 -2.90401e-06 0.949635  7.33512
3.88496 7.24684 -0.893037 0.449983 1 0.144937 0 1.30263e-05 -2.91216e-06 0.953346  7.35717
ZONE I=5
3.88496 7.24684 -0.893037 0.449983 1 0.144937 0 1.30263e-05 -2.91216e-06 0.953346  7.35717
3.89502 7.26681 -0.893025 0.450008 1 0.145336 0 1.3062e-05 -2.9203e-06 0.957057  7.37922
3.90508 7.28678 -0.893013 0.450032 1 0.145736 0 1.30978e-05 -2.92844e-06 0.96077  7.40127
3.91515 7.30675 -0.893001 0.450055 1 0.146135 0 1.31335e-05 -2.93658e-06 0.964482  7.42332
3.92521 7.32672 -0.89299 0.450077 1 0.146534 0 1.31693e-05 -2.94471e-06 0.968196  7.44538
ZONE I=5
3.92521 7.32672 -0.89299 0.450077 1 0.146534 0 1.31693e-05 -2.94471e-06 0.968196  7.44538
3.93528 7.34668 -0.892979 0.450099 1 0.146934 0 1.3205e-05 -2.95284e-06 0.97191  7.46743
3.94534 7.36665 -0.892968 0.450119 1 0.147333 0 1.32408e-05 -2.96097e-06 0.975624  7.48948
3.95541 7.38662 -0.892958 0.45014 1 0.147732 0 1.32765e-05 -2.9691e-06 0.979339  7.51153
3.96547 7.40659 -0.892948 0.450159 1 0.148132 0 1.33123e-05 -2.97722e-06 0.983054  7.53358
ZONE I=5
3.96547 7.40659 -0.892948 0.450159 1 0.148132 0 1.33123e-05 -2.97722e-06 0.983054  7.53358
3.97554 7.42655 -0.892939 0.450178 1 0.148531 0 1.3348e-05 -2.98534e-06 0.98677  7.55562
3.9856 7.44652 -0.892929 0.450197 1 0.14893 0 1.33838e-05 -2.99346e-06 0.990487  7.57767
3.99567 7.46649 -0.89292 0.450214 1 0.14933 0 1.34196e-05 -3.00157e-06 0.994203  7.59972
4.00574 7.48645 -0.892912 0.450232 1 0.149729 0 1.34553e-05 -3.00968e-06 0.997921  7.62177
ZONE I=5
4.00574 7.48645 -0.892912 0.450232 1 0.149729 0 1.34553e-05 -3.00968e-06 0.997921  7.62177
4.01581 7.50642 -0.892904 0.450248 1 0.150128 0 1.34911e-05 -3.01779e-06 1.00164  7.64382
4.02587 7.52638 -0.892895 0.450264 1 0.150528 0 1.35269e-05 -3.0259e-06 1.00536  7.66587
4.03594 7.54635 -0.892888 0.450279 1 0.150927 0 1.35627e-05 -3.034e-06 1.00907  7.68792
4.04601 7.56632 -0.89288 0.450294 1 0.151326 0 1.35984e-05 -3.0421e-06 1.01279  7.70997
ZONE I=5
4.04601 7.56632 -0.89288 0.450294 1 0.151326 0 1.35984e-05 -3.0421e-06 1.01279  7.70997
4.05608 7.58628 -0.892873 0.450308 1 0.151726 0 1.36342e-05 -3.0502e-06 1.01651  7.73202
4.06615 7.60625 -0.892866 0.450322 1 0.152125 0 1.367e-05 -3.0583e-06 1.02023  7.75407
4.07622 7.62621 -0.89286 0.450335 1 0.152524 0 1.37058e-05 -3.06639e-06 1.02395  7.77612
4.08629 7.64618 -0.892853 0.450348 1 0.152924 0 1.37416e-05 -3.07449e-06 1.02767  7.79817
ZONE I=5
4.08629 7.64618 -0.892853 0.450348 1 0.152924 0 1.37416e-05 -3.07449e-06 1.02767  7.79817
4.09636 7.66614 -0.892847 0.45036 1 0.153323 0 1.37774e-05 -3.08257e-06 1.03139  7.82022
4.10643 7.68611 -0.892841 0.450371 1 0.153722 0 1.38132e-05 -3.09066e-06 1.03511  7.84227
4.1165 7.70607 -0.892836 0.450383 1 0.154121 0 1.3849e-05 -3.09875e-06 1.03883  7.86431
4.12657 7.72603 -0.89283 0.450393 1 0.154521 0 1.38848e-05 -3.10683e-06 1.04256  7.88636
ZONE I=5
4.12657 7.72603 -0.89283 0.450393 1 0.154521 0 1.38848e-05 -3.10683e-06 1.04256  7.88636
4.13664 7.746 -0.892825 0.450403 1 0.15492 0 1.39206e-05 -3.11491e-06 1.04628  7.90841
4.14671 7.76596 -0.89282 0.450413 1 0.155319 0 1.39564e-05 -3.12299e-06 1.05  7.93046
4.15679 7.78593 -0.892816 0.450422 1 0.155719 0 1.39922e-05 -3.13106e-06 1.05372  7.95251
4.16686 7.80589 -0.892811 0.450431 1 0.156118 0 1.40281e-05 -3.13914e-06 1.05744  7.97456
ZONE I=5
4.16686 7.80589 -0.892811 0.450431 1 0.156118 0 1.40281e-05 -3.13914e-06 1.05744  7.97456
4.17693 7.82585 -0.892807 0.450439 1 0.156517 0 1.40639e-05 -3.14721e-06 1.06117  7.99661
4.187 7.84582 -0.892803 0.450447 1 0.156916 0 1.40997e-05 -3.15528e-06 1.06489  8.01866
4.19707 7.86578 -0.892799 0.450455 1 0.157316 0 1.41355e-05 -3.16335e-06 1.06861  8.0407
4.20715 7.88575 -0.892796 0.450462 1 0.157715 0 1.41713e-05 -3.17141e-06 1.07233  8.06275
ZONE I=5
4.20715 7.88575 -0.892796 0.450462 1 0.157715 0 1.41713e-05 -3.17141e-06 1.07233  8.06275
4.21722 7.90571 -0.892792 0.450469 1 0.158114 0 1.42072e-05 -3.17948e-06 1.07606  8.0848
4.22729 7.92567 -0.892789 0.450475 1 0.158513 0 1.4243e-05 -3.18754e-06 1.07978  8.10685
4.23737 7.94564 -0.892786 0.450481 1 0.158913 0 1.42788e-05 -3.1956e-06 1.0835  8.1289
4.24744 7.9656 -0.892783 0.450487 1 0.159312 0 1.43147e-05 -3.20366e-06 1.08723  8.15095
ZONE I=5
4.24744 7.9656 -0.892783 0.450487 1 0.159312 0 1.43147e-05 -3.20366e-06 1.08723  8.15095
4.25751 7.98556 -0.89278 0.450492 1 0.159711 0 1.43505e-05 -3.21172e-06 1.09095  8.173
4.26759 8.00553 -0.892778 0.450497 1 0.160111 0 1.43863e-05 -3.21977e-06 1.09468  8.19504
4.27766 8.02549 -0.892775 0.450502 1 0.16051 0 1.44222e-05 -3.22783e-06 1.0984  8.21709
4.28773 8.04545 -0.892773 0.450506 1 0.160909 0 1.4458e-05 -3.23588e-06 1.10212  8.23914
ZONE I=5
4.28773 8.04545 -0.892773 0.450506 1 0.160909 0 1.4458e-05 -3.23588e-06 1.10212  8.23914
4.29781 8.06541 -0.892771 0.45051 1 0.161308 0 1.44939e-05 -3.24393e-06 1.10585  8.26119
4.30788 8.08538 -0.892769 0.450514 1 0.161708 0 1.45297e-05 -3.25198e-06 1.10957  8.28324
4.31795 8.10534 -0.892768 0.450518 1 0.162107 0 1.45656e-05 -3.26003e-06 1.1133  8.30529
4.32803 8.1253 -0.892766 0.450521 1 0.162506 0 1.46014e-05 -3.26808e-06 1.11702  8.32733
ZONE I=5
4.32803 8.1253 -0.892766 0.450521 1 0.162506 0 1.46014e-05 -3.26808e-06 1.11702  8.32733
4.3381 8.14527 -0.892764 0.450524 1 0.162905 0 1.46373e-05 -3.27612e-06 1.12075  8.34938
4.34818 8.16523 -0.892763 0.450527 1 0.163305 0 1.46731e-05 -3.28416e-06 1.12447  8.37143
4.35825 8.18519 -0.892762 0.450529 1 0.163704 0 1.4709e-05 -3.29221e-06 1.1282  8.39348
4.36832 8.20515 -0.892761 0.450531 1 0.164103 0 1.47448e-05 -3.30025e-06 1.13192  8.41553
ZONE I=5
4.36832 8.20515 -0.892761 0.450531 1 0.164103 0 1.47448e-05 -3.30025e-06 1.13192  8.41553
4.3784 8.22512 -0.89276 0.450533 1 0.164502 0 1.47807e-05 -3.30829e-06 1.13565  8.43757
4.38847 8.24508 -0.892759 0.450535 1 0.164902 0 1.48166e-05 -3.31633e-06 1.13937  8.45962
4.39855 8.26504 -0.892758 0.450537 1 0.165301 0 1.48524e-05 -3.32437e-06 1.1431  8.48167
4.40862 8.285 -0.892757 0.450538 1 0.1657 0 1.48883e-05 -3.3324e-06 1.14682  8.50372
ZONE I=5
4.40862 8.285 -0.892757 0.450538 1 0.1657 0 1.48883e-05 -3.3324e-06 1.14682  8.50372
4.4187 8.30497 -0.892756 0.45054 1 0.166099 0 1.49241e-05 -3.34044e-06 1.15055  8.52577
4.42877 8.32493 -0.892756 0.450541 1 0.166499 0 1.496e-05 -3.34848e-06 1.15427  8.54782
4.43884 8.34489 -0.892755 0.450542 1 0.166898 0 1.49959e-05 -3.35651e-06 1.158  8.56986
4.44892 8.36486 -0.892755 0.450542 1 0.167297 0 1.50317e-05 -3.36455e-06 1.16172  8.59191
ZONE I=5
4.44892 8.36486 -0.892755 0.450542 1 0.167297 0 1.50317e-05 -3.36455e-06 1.16172  8.59191
4.45899 8.38482 -0.892755 0.450543 1 0.167696 0 1.50676e-05 -3.37258e-06 1.16545  8.61396
4.46907 8.40478 -0.892754 0.450544 1 0.168096 0 1.51035e-05 -3.38061e-06 1.16917  8.63601
4.47914 8.42474 -0.892754 0.450544 1 0.168495 0 1.51393e-05 -3.38864e-06 1.1729  8.65806
4.48922 8.44471 -0.892754 0.450545 1 0.168894 0 1.51752e-05 -3.39668e-06 1.17662  8.68011
ZONE I=5
4.48922 8.44471 -0.892754 0.450545 1 0.168894 0 1.51752e-05 -3.39668e-06 1.17662  8.68011
4.49929 8.46467 -0.892754 0.450545 1 0.169293 0 1.52111e-05 -3.40471e-06 1.18035  8.70215
4.50937 8.48463 -0.892754 0.450545 1 0.169693 0 1.5247e-05 -3.41274e-06 1.18407  8.7242
4.51944 8.50459 -0.892754 0.450545 1 0.170092 0 1.52828e-05 -3.42077e-06 1.1878  8.74625
4.52951 8.52456 -0.892753 0.450545 1 0.170491 0 1.53187e-05 -3.4288e-06 1.19152  8.7683
ZONE I=5
4.52951 8.52456 -0.892753 0.450545 1 0.170491 0 1.53187e-05 -3.4288e-06 1.19152  8.7683
4.53959 8.54452 -0.892753 0.450546 1 0.17089 0 1.53546e-05 -3.43683e-06 1.19525  8.79035
4.54966 8.56448 -0.892753 0.450546 1 0.17129 0 1.53904e-05 -3.44486e-06 1.19897  8.81239
4.55974 8.58444 -0.892753 0.450546 1 0.171689 0 1.54263e-05 -3.45289e-06 1.2027  8.83444
4.56981 8.60441 -0.892753 0.450546 1 0.172088 0 1.54622e-05 -3.46092e-06 1.20642  8.85649
