ZONE I=5
0.8 0.5 -0.94384 0.330402 1 0.005 0 4.72709e-07 -7.79616e-08 0  0
0.807388 0.521105 -0.94384 0.330402 1 0.00521105 0 4.92662e-07 -8.12524e-08 0.000821105  0.0223456
0.814776 0.54221 -0.94384 0.330402 1 0.0054221 0 5.12615e-07 -8.45431e-08 0.00164221  0.0446912
0.822164 0.563315 -0.94384 0.330402 1 0.00563315 0 5.32568e-07 -8.78339e-08 0.00246332  0.0670368
0.829552 0.58442 -0.94384 0.330402 1 0.0058442 0 5.5252e-07 -9.11246e-08 0.00328443  0.0893824
ZONE I=5
0.829552 0.58442 -0.94384 0.330402 1 0.0058442 0 5.5252e-07 -9.11246e-08 0.00328443  0.0893824
0.83694 0.605525 -0.94384 0.330402 1 0.00605525 0 5.72473e-07 -9.44154e-08 0.00410554  0.111728
0.844328 0.626629 -0.94384 0.330402 1 0.00626629 0 5.92426e-07 -9.77062e-08 0.00492664  0.134074
0.851716 0.647734 -0.94384 0.330402 1 0.00647734 0 6.12379e-07 -1.00997e-07 0.00574776  0.156419
0.859104 0.668839 -0.94384 0.330402 1 0.00668839 0 6.32332e-07 -1.04288e-07 0.00656887  0.178765
ZONE I=5
0.859104 0.668839 -0.94384 0.330402 1 0.00668839 0 6.32332e-07 -1.04288e-07 0.00656887  0.178765
0.866492 0.689944 -0.94384 0.330402 1 0.00689944 0 6.52285e-07 -1.07578e-07 0.00738998  0.20111
0.87388 0.711049 -0.94384 0.330402 1 0.00711049 0 6.72238e-07 -1.10869e-07 0.00821109  0.223456
0.881268 0.732154 -0.94384 0.330402 1 0.00732154 0 6.92191e-07 -1.1416e-07 0.00903221  0.245802
0.888656 0.753259 -0.94384 0.330402 1 0.00753259 0 7.12144e-07 -1.17451e-07 0.00985332  0.268147
ZONE I=5
0.888656 0.753259 -0.94384 0.330402 1 0.00753259 0 7.12144e-07 -1.17451e-07 0.00985332  0.268147
0.896044 0.774364 -0.94384 0.330402 1 0.00774364 0 7.32097e-07 -1.20741e-07 0.0106744  0.290493
0.903432 0.795469 -0.94384 0.330402 1 0.00795469 0 7.5205e-07 -1.24032e-07 0.0114956  0.312838
0.91082 0.816574 -0.94384 0.330402 1 0.00816574 0 7.72003e-07 -1.27323e-07 0.0123167  0.335184
0.918208 0.837679 -0.94384 0.330402 1 0.00837679 0 7.91956e-07 -1.30614e-07 0.0131378  0.35753
ZONE I=5
0.918208 0.837679 -0.94384 0.330402 1 0.00837679 0 7.91956e-07 -1.30614e-07 0.0131378  0.35753
0.925596 0.858783 -0.94384 0.330402 1 0.00858783 0 8.11909e-07 -1.33905e-07 0.0139589  0.379875
0.932984 0.879888 -0.94384 0.330402 1 0.00879888 0 8.31862e-07 -1.37195e-07 0.01478  0.402221
0.940372 0.900993 -0.94384 0.330402 1 0.00900993 0 8.51814e-07 -1.40486e-07 0.0156012  0.424566
0.94776 0.922098 -0.94384 0.330402 1 0.00922098 0 8.71767e-07 -1.43777e-07 0.0164223  0.446912
ZONE I=5
0.94776 0.922098 -0.94384 0.330402 1 0.00922098 0 8.71767e-07 -1.43777e-07 0.0164223  0.446912
0.955148 0.943203 -0.94384 0.330403 1 0.00943203 0 8.9172e-07 -1.47068e-07 0.0172434  0.469258
0.962536 0.964308 -0.94384 0.330403 1 0.00964308 0 9.11673e-07 -1.50358e-07 0.0180645  0.491603
0.969924 0.985413 -0.94384 0.330403 1 0.00985413 0 9.31626e-07 -1.53649e-07 0.0188856  0.513949
0.977312 1.00652 -0.94384 0.330403 1 0.0100652 0 9.51579e-07 -1.5694e-07 0.0197068  0.536294
ZONE I=5
0.977312 1.00652 -0.94384 0.330403 1 0.0100652 0 9.51579e-07 -1.5694e-07 0.0197068  0.536294
0.9847 1.02762 -0.94384 0.330403 1 0.0102762 0 9.71532e-07 -1.60231e-07 0.0205279  0.55864
0.992088 1.04873 -0.94384 0.330403 1 0.0104873 0 9.91485e-07 -1.63521e-07 0.021349  0.580986
0.999477 1.06983 -0.94384 0.330403 1 0.0106983 0 1.01144e-06 -1.66812e-07 0.0221702  0.603331
1.00686 1.09094 -0.94384 0.330403 1 0.0109094 0 1.03139e-06 -1.70103e-07 0.0229913  0.625677
ZONE I=5
1.00686 1.09094 -0.94384 0.330403 1 0.0109094 0 1.03139e-06 -1.70103e-07 0.0229913  0.625677
1.01425 1.11204 -0.94384 0.330403 1 0.0111204 0 1.05134e-06 -1.73394e-07 0.0238124  0.648022
1.02164 1.13315 -0.94384 0.330403 1 0.0113315 0 1.0713e-06 -1.76685e-07 0.0246335  0.670368
1.02903 1.15425 -0.94384 0.330403 1 0.0115425 0 1.09125e-06 -1.79975e-07 0.0254547  0.692714
1.03642 1.17536 -0.94384 0.330403 1 0.0117536 0 1.1112e-06 -1.83266e-07 0.0262758  0.715059
ZONE I=5
1.03642 1.17536 -0.94384 0.330403 1 0.0117536 0 1.1112e-06 -1.83266e-07 0.0262758  0.715059
1.0438 1.19646 -0.94384 0.330403 1 0.0119646 0 1.13116e-06 -1.86557e-07 0.0270969  0.737405
1.05119 1.21757 -0.94384 0.330403 1 0.0121757 0 1.15111e-06 -1.89848e-07 0.0279181  0.75975
1.05858 1.23867 -0.94384 0.330403 1 0.0123867 0 1.17106e-06 -1.93138e-07 0.0287392  0.782096
1.06597 1.25978 -0.94384 0.330403 1 0.0125978 0 1.19101e-06 -1.96429e-07 0.0295603  0.804442
ZONE I=5
1.06597 1.25978 -0.94384 0.330403 1 0.0125978 0 1.19101e-06 -1.96429e-07 0.0295603  0.804442
1.07336 1.28088 -0.94384 0.330403 1 0.0128088 0 1.21097e-06 -1.9972e-07 0.0303815  0.826787
1.08074 1.30199 -0.94384 0.330403 1 0.0130199 0 1.23092e-06 -2.03011e-07 0.0312026  0.849133
1.08813 1.32309 -0.94384 0.330403 1 0.0132309 0 1.25087e-06 -2.06302e-07 0.0320238  0.871478
1.09552 1.3442 -0.94384 0.330403 1 0.013442 0 1.27083e-06 -2.09592e-07 0.0328449  0.893824
ZONE I=5
1.09552 1.3442 -0.94384 0.330403 1 0.013442 0 1.27083e-06 -2.09592e-07 0.0328449  0.893824
1.10291 1.3653 -0.94384 0.330403 1 0.013653 0 1.29078e-06 -2.12883e-07 0.033666  0.91617
1.1103 1.38641 -0.94384 0.330403 1 0.0138641 0 1.31073e-06 -2.16174e-07 0.0344872  0.938515
1.11769 1.40751 -0.94384 0.330403 1 0.0140751 0 1.33068e-06 -2.19465e-07 0.0353083  0.960861
1.12507 1.42862 -0.94384 0.330403 1 0.0142862 0 1.35064e-06 -2.22755e-07 0.0361295  0.983206
ZONE I=5
1.12507 1.42862 -0.94384 0.330403 1 0.0142862 0 1.35064e-06 -2.22755e-07 0.0361295  0.983206
1.13246 1.44972 -0.94384 0.330403 1 0.0144972 0 1.37059e-06 -2.26046e-07 0.0369506  1.00555
1.13985 1.47083 -0.94384 0.330403 1 0.0147083 0 1.39054e-06 -2.29337e-07 0.0377718  1.0279
1.14724 1.49193 -0.94384 0.330403 1 0.0149193 0 1.4105e-06 -2.32628e-07 0.0385929  1.05024
1.15463 1.51304 -0.94384 0.330404 1 0.0151304 0 1.43045e-06 -2.35919e-07 0.039414  1.07259
ZONE I=5
1.15463 1.51304 -0.94384 0.330404 1 0.0151304 0 1.43045e-06 -2.35919e-07 0.039414  1.07259
1.16201 1.53414 -0.94384 0.330404 1 0.0153414 0 1.4504e-06 -2.39209e-07 0.0402352  1.09493
1.1694 1.55525 -0.94384 0.330404 1 0.0155525 0 1.47035e-06 -2.425e-07 0.0410563  1.11728
1.17679 1.57635 -0.94384 0.330404 1 0.0157635 0 1.49031e-06 -2.45791e-07 0.0418775  1.13963
1.18418 1.59746 -0.94384 0.330404 1 0.0159746 0 1.51026e-06 -2.49082e-07 0.0426986  1.16197
ZONE I=5
1.18418 1.59746 -0.94384 0.330404 1 0.0159746 0 1.51026e-06 -2.49082e-07 0.0426986  1.16197
1.19157 1.61856 -0.94384 0.330404 1 0.0161856 0 1.53021e-06 -2.52372e-07 0.0435198  1.18432
1.19895 1.63966 -0.94384 0.330404 1 0.0163966 0 1.55017e-06 -2.55663e-07 0.0443409  1.20666
1.20634 1.66077 -0.94384 0.330404 1 0.0166077 0 1.57012e-06 -2.58954e-07 0.0451621  1.22901
1.21373 1.68187 -0.94384 0.330404 1 0.0168187 0 1.59007e-06 -2.62245e-07 0.0459832  1.25135
ZONE I=5
1.21373 1.68187 -0.94384 0.330404 1 0.0168187 0 1.59007e-06 -2.62245e-07 0.0459832  1.25135
1.22112 1.70298 -0.94384 0.330404 1 0.0170298 0 1.61003e-06 -2.65536e-07 0.0468044  1.2737
1.22851 1.72408 -0.94384 0.330404 1 0.0172408 0 1.62998e-06 -2.68826e-07 0.0476256  1.29604
1.23589 1.74519 -0.94384 0.330404 1 0.0174519 0 1.64993e-06 -2.72117e-07 0.0484467  1.31839
1.24328 1.76629 -0.94384 0.330404 1 0.0176629 0 1.66988e-06 -2.75408e-07 0.0492679  1.34074
ZONE I=5
1.24328 1.76629 -0.94384 0.330404 1 0.0176629 0 1.66988e-06 -2.75408e-07 0.0492679  1.34074
1.25067 1.7874 -0.94384 0.330404 1 0.017874 0 1.68984e-06 -2.78699e-07 0.050089  1.36308
1.25806 1.8085 -0.94384 0.330404 1 0.018085 0 1.70979e-06 -2.8199e-07 0.0509102  1.38543
1.26545 1.82961 -0.94384 0.330404 1 0.0182961 0 1.72974e-06 -2.8528e-07 0.0517313  1.40777
1.27283 1.85071 -0.94384 0.330404 1 0.0185071 0 1.7497e-06 -2.88571e-07 0.0525525  1.43012
ZONE I=5
1.27283 1.85071 -0.94384 0.330404 1 0.0185071 0 1.7497e-06 -2.88571e-07 0.0525525  1.43012
1.28022 1.87182 -0.94384 0.330404 1 0.0187182 0 1.76965e-06 -2.91862e-07 0.0533737  1.45246
1.28761 1.89292 -0.94384 0.330404 1 0.0189292 0 1.7896e-06 -2.95153e-07 0.0541948  1.47481
1.295 1.91403 -0.94384 0.330404 1 0.0191403 0 1.80955e-06 -2.98444e-07 0.055016  1.49716
1.30239 1.93513 -0.94384 0.330404 1 0.0193513 0 1.82951e-06 -3.01734e-07 0.0558372  1.5195
ZONE I=5
1.30239 1.93513 -0.94384 0.330404 1 0.0193513 0 1.82951e-06 -3.01734e-07 0.0558372  1.5195
1.30977 1.95624 -0.94384 0.330404 1 0.0195624 0 1.84946e-06 -3.05025e-07 0.0566583  1.54185
1.31716 1.97734 -0.943839 0.330404 1 0.0197734 0 1.86941e-06 -3.08316e-07 0.0574795  1.56419
1.32455 1.99845 -0.943839 0.330404 1 0.0199845 0 1.88937e-06 -3.11607e-07 0.0583007  1.58654
1.33194 2.01955 -0.943839 0.330404 1 0.0201955 0 1.90932e-06 -3.14897e-07 0.0591218  1.60888
ZONE I=5
1.33194 2.01955 -0.943839 0.330404 1 0.0201955 0 1.90932e-06 -3.14897e-07 0.0591218  1.60888
1.33933 2.04066 -0.943839 0.330404 1 0.0204066 0 1.92927e-06 -3.18188e-07 0.059943  1.63123
1.34671 2.06176 -0.943839 0.330404 1 0.0206176 0 1.94922e-06 -3.21479e-07 0.0607642  1.65357
1.3541 2.08287 -0.943839 0.330405 1 0.0208287 0 1.96918e-06 -3.2477e-07 0.0615853  1.67592
1.36149 2.10397 -0.943839 0.330405 1 0.0210397 0 1.98913e-06 -3.28061e-07 0.0624065  1.69827
ZONE I=5
1.36149 2.10397 -0.943839 0.330405 1 0.0210397 0 1.98913e-06 -3.28061e-07 0.0624065  1.69827
1.36888 2.12508 -0.943839 0.330405 1 0.0212508 0 2.00908e-06 -3.31351e-07 0.0632277  1.72061
1.37627 2.14618 -0.943839 0.330405 1 0.0214618 0 2.02904e-06 -3.34642e-07 0.0640488  1.74296
1.38366 2.16729 -0.943839 0.330405 1 0.0216729 0 2.04899e-06 -3.37933e-07 0.06487  1.7653
1.39104 2.18839 -0.943839 0.330405 1 0.0218839 0 2.06894e-06 -3.41224e-07 0.0656912  1.78765
ZONE I=5
1.39104 2.18839 -0.943839 0.330405 1 0.0218839 0 2.06894e-06 -3.41224e-07 0.0656912  1.78765
1.39843 2.2095 -0.943839 0.330405 1 0.022095 0 2.08889e-06 -3.44515e-07 0.0665124  1.80999
1.40582 2.2306 -0.943839 0.330405 1 0.022306 0 2.10885e-06 -3.47805e-07 0.0673335  1.83234
1.41321 2.25171 -0.943839 0.330405 1 0.0225171 0 2.1288e-06 -3.51096e-07 0.0681547  1.85468
1.4206 2.27281 -0.943839 0.330405 1 0.0227281 0 2.14875e-06 -3.54387e-07 0.0689759  1.87703
ZONE I=5
1.4206 2.27281 -0.943839 0.330405 1 0.0227281 0 2.14875e-06 -3.54387e-07 0.0689759  1.87703
1.42798 2.29392 -0.943839 0.330405 1 0.0229392 0 2.16871e-06 -3.57678e-07 0.0697971  1.89938
1.43537 2.31502 -0.943839 0.330405 1 0.0231502 0 2.18866e-06 -3.60969e-07 0.0706183  1.92172
1.44276 2.33613 -0.943839 0.330405 1 0.0233613 0 2.20861e-06 -3.6426e-07 0.0714394  1.94407
1.45015 2.35723 -0.943839 0.330405 1 0.0235723 0 2.22856e-06 -3.6755e-07 0.0722606  1.96641
ZONE I=5
1.45015 2.35723 -0.943839 0.330405 1 0.0235723 0 2.22856e-06 -3.6755e-07 0.0722606  1.96641
1.45754 2.37834 -0.943839 0.330405 1 0.0237834 0 2.24852e-06 -3.70841e-07 0.0730818  1.98876
1.46492 2.39944 -0.943839 0.330405 1 0.0239944 0 2.26847e-06 -3.74132e-07 0.073903  2.0111
1.47231 2.42055 -0.943839 0.330405 1 0.0242055 0 2.28842e-06 -3.77423e-07 0.0747242  2.03345
1.4797 2.44165 -0.943839 0.330405 1 0.0244165 0 2.30838e-06 -3.80714e-07 0.0755454  2.05579
ZONE I=5
1.4797 2.44165 -0.943839 0.330405 1 0.0244165 0 2.30838e-06 -3.80714e-07 0.0755454  2.05579
1.48709 2.46276 -0.943839 0.330405 1 0.0246276 0 2.32833e-06 -3.84004e-07 0.0763665  2.07814
1.49448 2.48386 -0.943839 0.330405 1 0.0248386 0 2.34828e-06 -3.87295e-07 0.0771877  2.10049
1.50186 2.50497 -0.943839 0.330405 1 0.0250497 0 2.36823e-06 -3.90586e-07 0.0780089  2.12283
1.50925 2.52607 -0.943839 0.330405 1 0.0252607 0 2.38819e-06 -3.93877e-07 0.0788301  2.14518
ZONE I=5
1.50925 2.52607 -0.943839 0.330405 1 0.0252607 0 2.38819e-06 -3.93877e-07 0.0788301  2.14518
1.51664 2.54718 -0.943839 0.330405 1 0.0254718 0 2.40814e-06 -3.97168e-07 0.0796513  2.16752
1.52403 2.56828 -0.943839 0.330405 1 0.0256828 0 2.42809e-06 -4.00458e-07 0.0804725  2.18987
1.53142 2.58938 -0.943839 0.330405 1 0.0258938 0 2.44805e-06 -4.03749e-07 0.0812937  2.21221
1.5388 2.61049 -0.943839 0.330405 1 0.0261049 0 2.468e-06 -4.0704e-07 0.0821149  2.23456
ZONE I=5
1.5388 2.61049 -0.943839 0.330405 1 0.0261049 0 2.468e-06 -4.0704e-07 0.0821149  2.23456
1.54619 2.63159 -0.943839 0.330405 1 0.0263159 0 2.48795e-06 -4.10331e-07 0.0829361  2.25691
1.55358 2.6527 -0.943839 0.330405 1 0.026527 0 2.5079e-06 -4.13622e-07 0.0837572  2.27925
1.56097 2.6738 -0.943839 0.330406 1 0.026738 0 2.52786e-06 -4.16912e-07 0.0845784  2.3016
1.56836 2.69491 -0.943839 0.330406 1 0.0269491 0 2.54781e-06 -4.20203e-07 0.0853996  2.32394
ZONE I=5
1.56836 2.69491 -0.943839 0.330406 1 0.0269491 0 2.54781e-06 -4.20203e-07 0.0853996  2.32394
1.57575 2.71601 -0.943839 0.330406 1 0.0271601 0 2.56776e-06 -4.23494e-07 0.0862208  2.34629
1.58313 2.73712 -0.943839 0.330406 1 0.0273712 0 2.58772e-06 -4.26785e-07 0.087042  2.36863
1.59052 2.75822 -0.943839 0.330406 1 0.0275822 0 2.60767e-06 -4.30076e-07 0.0878632  2.39098
1.59791 2.77933 -0.943839 0.330406 1 0.0277933 0 2.62762e-06 -4.33367e-07 0.0886844  2.41332
ZONE I=5
1.59791 2.77933 -0.943839 0.330406 1 0.0277933 0 2.62762e-06 -4.33367e-07 0.0886844  2.41332
1.6053 2.80043 -0.943839 0.330406 1 0.0280043 0 2.64757e-06 -4.36657e-07 0.0895056  2.43567
1.61269 2.82154 -0.943839 0.330406 1 0.0282154 0 2.66753e-06 -4.39948e-07 0.0903268  2.45802
1.62007 2.84264 -0.943839 0.330406 1 0.0284264 0 2.68748e-06 -4.43239e-07 0.091148  2.48036
1.62746 2.86375 -0.943839 0.330406 1 0.0286375 0 2.70743e-06 -4.4653e-07 0.0919692  2.50271
ZONE I=5
1.62746 2.86375 -0.943839 0.330406 1 0.0286375 0 2.70743e-06 -4.4653e-07 0.0919692  2.50271
1.63485 2.88485 -0.943839 0.330406 1 0.0288485 0 2.72739e-06 -4.49821e-07 0.0927904  2.52505
1.64224 2.90596 -0.943839 0.330406 1 0.0290596 0 2.74734e-06 -4.53111e-07 0.0936116  2.5474
1.64963 2.92706 -0.943839 0.330406 1 0.0292706 0 2.76729e-06 -4.56402e-07 0.0944328  2.56974
1.65701 2.94817 -0.943839 0.330406 1 0.0294817 0 2.78724e-06 -4.59693e-07 0.095254  2.59209
ZONE I=5
1.65701 2.94817 -0.943839 0.330406 1 0.0294817 0 2.78724e-06 -4.59693e-07 0.095254  2.59209
1.6644 2.96927 -0.943839 0.330406 1 0.0296927 0 2.8072e-06 -4.62984e-07 0.0960753  2.61443
1.67179 2.99038 -0.943839 0.330406 1 0.0299038 0 2.82715e-06 -4.66275e-07 0.0968965  2.63678
1.67918 3.01148 -0.943839 0.330406 1 0.0301148 0 2.8471e-06 -4.69566e-07 0.0977177  2.65913
1.68657 3.03259 -0.943839 0.330406 1 0.0303259 0 2.86706e-06 -4.72856e-07 0.0985389  2.68147
ZONE I=5
1.68657 3.03259 -0.943839 0.330406 1 0.0303259 0 2.86706e-06 -4.72856e-07 0.0985389  2.68147
1.69395 3.05369 -0.943839 0.330406 1 0.0305369 0 2.88701e-06 -4.76147e-07 0.0993601  2.70382
1.70134 3.0748 -0.943839 0.330406 1 0.030748 0 2.90696e-06 -4.79438e-07 0.100181  2.72616
1.70873 3.0959 -0.943839 0.330406 1 0.030959 0 2.92691e-06 -4.82729e-07 0.101003  2.74851
1.71612 3.11701 -0.943839 0.330406 1 0.0311701 0 2.94687e-06 -4.8602e-07 0.101824  2.77085
ZONE I=5
1.71612 3.11701 -0.943839 0.330406 1 0.0311701 0 2.94687e-06 -4.8602e-07 0.101824  2.77085
1.72351 3.13811 -0.943839 0.330406 1 0.0313811 0 2.96682e-06 -4.89311e-07 0.102645  2.7932
1.7309 3.15922 -0.943839 0.330406 1 0.0315922 0 2.98677e-06 -4.92601e-07 0.103466  2.81555
1.73828 3.18032 -0.943839 0.330406 1 0.0318032 0 3.00673e-06 -4.95892e-07 0.104287  2.83789
1.74567 3.20143 -0.943839 0.330406 1 0.0320143 0 3.02668e-06 -4.99183e-07 0.105109  2.86024
ZONE I=5
1.74567 3.20143 -0.943839 0.330406 1 0.0320143 0 3.02668e-06 -4.99183e-07 0.105109  2.86024
1.75306 3.22253 -0.943839 0.330406 1 0.0322253 0 3.04663e-06 -5.02474e-07 0.10593  2.88258
1.76045 3.24364 -0.943839 0.330407 1 0.0324364 0 3.06658e-06 -5.05765e-07 0.106751  2.90493
1.76784 3.26474 -0.943839 0.330407 1 0.0326474 0 3.08654e-06 -5.09056e-07 0.107572  2.92727
1.77522 3.28585 -0.943839 0.330407 1 0.0328585 0 3.10649e-06 -5.12346e-07 0.108393  2.94962
ZONE I=5
1.77522 3.28585 -0.943839 0.330407 1 0.0328585 0 3.10649e-06 -5.12346e-07 0.108393  2.94962
1.78261 3.30695 -0.943839 0.330407 1 0.0330695 0 3.12644e-06 -5.15637e-07 0.109215  2.97196
1.79 3.32806 -0.943839 0.330407 1 0.0332806 0 3.1464e-06 -5.18928e-07 0.110036  2.99431
1.79739 3.34916 -0.943839 0.330407 1 0.0334916 0 3.16635e-06 -5.22219e-07 0.110857  3.01666
1.80478 3.37027 -0.943839 0.330407 1 0.0337027 0 3.1863e-06 -5.2551e-07 0.111678  3.039
ZONE I=5
1.80478 3.37027 -0.943839 0.330407 1 0.0337027 0 3.1863e-06 -5.2551e-07 0.111678  3.039
1.81216 3.39137 -0.943839 0.330407 1 0.0339137 0 3.20625e-06 -5.28801e-07 0.1125  3.06135
1.81955 3.41248 -0.943839 0.330407 1 0.0341248 0 3.22621e-06 -5.32091e-07 0.113321  3.08369
1.82694 3.43358 -0.943839 0.330407 1 0.0343358 0 3.24616e-06 -5.35382e-07 0.114142  3.10604
1.83433 3.45468 -0.943839 0.330407 1 0.0345468 0 3.26611e-06 -5.38673e-07 0.114963  3.12838
ZONE I=5
1.83433 3.45468 -0.943839 0.330407 1 0.0345468 0 3.26611e-06 -5.38673e-07 0.114963  3.12838
1.84172 3.47579 -0.943839 0.330407 1 0.0347579 0 3.28607e-06 -5.41964e-07 0.115784  3.15073
1.84911 3.49689 -0.943839 0.330407 1 0.0349689 0 3.30602e-06 -5.45255e-07 0.116606  3.17307
1.85649 3.518 -0.943839 0.330407 1 0.03518 0 3.32597e-06 -5.48546e-07 0.117427  3.19542
1.86388 3.5391 -0.943839 0.330407 1 0.035391 0 3.34592e-06 -5.51836e-07 0.118248  3.21777
ZONE I=5
1.86388 3.5391 -0.943839 0.330407 1 0.035391 0 3.34592e-06 -5.51836e-07 0.118248  3.21777
1.87127 3.56021 -0.943839 0.330407 1 0.0356021 0 3.36588e-06 -5.55127e-07 0.119069  3.24011
1.87866 3.58131 -0.943839 0.330407 1 0.0358131 0 3.38583e-06 -5.58418e-07 0.119891  3.26246
1.88605 3.60242 -0.943839 0.330407 1 0.0360242 0 3.40578e-06 -5.61709e-07 0.120712  3.2848
1.89343 3.62352 -0.943839 0.330407 1 0.0362352 0 3.42574e-06 -5.65e-07 0.121533  3.30715
ZONE I=5
1.89343 3.62352 -0.943839 0.330407 1 0.0362352 0 3.42574e-06 -5.65e-07 0.121533  3.30715
1.90082 3.64463 -0.943838 0.330407 1 0.0364463 0 3.44569e-06 -5.68291e-07 0.122354  3.32949
1.90821 3.66573 -0.943838 0.330407 1 0.0366573 0 3.46564e-06 -5.71581e-07 0.123176  3.35184
1.9156 3.68684 -0.943838 0.330407 1 0.0368684 0 3.48559e-06 -5.74872e-07 0.123997  3.37419
1.92299 3.70794 -0.943838 0.330407 1 0.0370794 0 3.50555e-06 -5.78163e-07 0.124818  3.39653
ZONE I=5
1.92299 3.70794 -0.943838 0.330407 1 0.0370794 0 3.50555e-06 -5.78163e-07 0.124818  3.39653
1.93037 3.72905 -0.943838 0.330407 1 0.0372905 0 3.5255e-06 -5.81454e-07 0.125639  3.41888
1.93776 3.75015 -0.943838 0.330407 1 0.0375015 0 3.54545e-06 -5.84745e-07 0.12646  3.44122
1.94515 3.77126 -0.943838 0.330407 1 0.0377126 0 3.56541e-06 -5.88036e-07 0.127282  3.46357
1.95254 3.79236 -0.943838 0.330407 1 0.0379236 0 3.58536e-06 -5.91326e-07 0.128103  3.48591
ZONE I=5
1.95254 3.79236 -0.943838 0.330407 1 0.0379236 0 3.58536e-06 -5.91326e-07 0.128103  3.48591
1.95993 3.81347 -0.943838 0.330407 1 0.0381347 0 3.60531e-06 -5.94617e-07 0.128924  3.50826
1.96732 3.83457 -0.943838 0.330407 1 0.0383457 0 3.62526e-06 -5.97908e-07 0.129745  3.5306
1.9747 3.85568 -0.943838 0.330408 1 0.0385568 0 3.64522e-06 -6.01199e-07 0.130567  3.55295
1.98209 3.87678 -0.943838 0.330408 1 0.0387678 0 3.66517e-06 -6.0449e-07 0.131388  3.5753
ZONE I=5
1.98209 3.87678 -0.943838 0.330408 1 0.0387678 0 3.66517e-06 -6.0449e-07 0.131388  3.5753
1.98948 3.89789 -0.943838 0.330408 1 0.0389789 0 3.68512e-06 -6.07781e-07 0.132209  3.59764
1.99687 3.91899 -0.943838 0.330408 1 0.0391899 0 3.70508e-06 -6.11072e-07 0.13303  3.61999
2.00426 3.9401 -0.943838 0.330408 1 0.039401 0 3.72503e-06 -6.14362e-07 0.133852  3.64233
2.01164 3.9612 -0.943838 0.330408 1 0.039612 0 3.74498e-06 -6.17653e-07 0.134673  3.66468
ZONE I=5
2.01164 3.9612 -0.943838 0.330408 1 0.039612 0 3.74498e-06 -6.17653e-07 0.134673  3.66468
2.01903 3.98231 -0.943838 0.330408 1 0.0398231 0 3.76493e-06 -6.20944e-07 0.135494  3.68702
2.02642 4.00341 -0.943838 0.330408 1 0.0400341 0 3.78489e-06 -6.24235e-07 0.136315  3.70937
2.03381 4.02452 -0.943838 0.330408 1 0.0402452 0 3.80484e-06 -6.27526e-07 0.137137  3.73171
2.0412 4.04562 -0.943838 0.330408 1 0.0404562 0 3.82479e-06 -6.30817e-07 0.137958  3.75406
ZONE I=5
2.0412 4.04562 -0.943838 0.330408 1 0.0404562 0 3.82479e-06 -6.30817e-07 0.137958  3.75406
2.04858 4.06673 -0.943838 0.330408 1 0.0406673 0 3.84475e-06 -6.34107e-07 0.138779  3.77641
2.05597 4.08783 -0.943838 0.330408 1 0.0408783 0 3.8647e-06 -6.37398e-07 0.1396  3.79875
2.06336 4.10894 -0.943838 0.330408 1 0.0410894 0 3.88465e-06 -6.40689e-07 0.140422  3.8211
2.07075 4.13004 -0.943838 0.330408 1 0.0413004 0 3.9046e-06 -6.4398e-07 0.141243  3.84344
ZONE I=5
2.07075 4.13004 -0.943838 0.330408 1 0.0413004 0 3.9046e-06 -6.4398e-07 0.141243  3.84344
2.07814 4.15115 -0.943838 0.330408 1 0.0415115 0 3.92456e-06 -6.47271e-07 0.142064  3.86579
2.08553 4.17225 -0.943838 0.330408 1 0.0417225 0 3.94451e-06 -6.50562e-07 0.142885  3.88813
2.09291 4.19336 -0.943838 0.330408 1 0.0419336 0 3.96446e-06 -6.53853e-07 0.143707  3.91048
2.1003 4.21446 -0.943838 0.330408 1 0.0421446 0 3.98441e-06 -6.57143e-07 0.144528  3.93282
ZONE I=5
2.1003 4.21446 -0.943838 0.330408 1 0.0421446 0 3.98441e-06 -6.57143e-07 0.144528  3.93282
2.10769 4.23557 -0.943838 0.330408 1 0.0423557 0 4.00437e-06 -6.60434e-07 0.145349  3.95517
2.11508 4.25667 -0.943838 0.330408 1 0.0425667 0 4.02432e-06 -6.63725e-07 0.14617  3.97752
2.12247 4.27777 -0.943838 0.330408 1 0.0427777 0 4.04427e-06 -6.67016e-07 0.146992  3.99986
2.12985 4.29888 -0.943838 0.330408 1 0.0429888 0 4.06423e-06 -6.70307e-07 0.147813  4.02221
ZONE I=5
2.12985 4.29888 -0.943838 0.330408 1 0.0429888 0 4.06423e-06 -6.70307e-07 0.147813  4.02221
2.13724 4.31998 -0.943838 0.330408 1 0.0431998 0 4.08418e-06 -6.73598e-07 0.148634  4.04455
2.14463 4.34109 -0.943838 0.330408 1 0.0434109 0 4.10413e-06 -6.76889e-07 0.149455  4.0669
2.15202 4.36219 -0.943838 0.330408 1 0.0436219 0 4.12408e-06 -6.80179e-07 0.150277  4.08924
2.15941 4.3833 -0.943838 0.330408 1 0.043833 0 4.14404e-06 -6.8347e-07 0.151098  4.11159
ZONE I=5
2.15941 4.3833 -0.943838 0.330408 1 0.043833 0 4.14404e-06 -6.8347e-07 0.151098  4.11159
2.1668 4.4044 -0.943838 0.330408 1 0.044044 0 4.16399e-06 -6.86761e-07 0.151919  4.13394
2.17418 4.42551 -0.943838 0.330408 1 0.0442551 0 4.18394e-06 -6.90052e-07 0.15274  4.15628
2.18157 4.44661 -0.943838 0.330408 1 0.0444661 0 4.2039e-06 -6.93343e-07 0.153562  4.17863
2.18896 4.46772 -0.943838 0.330408 1 0.0446772 0 4.22385e-06 -6.96634e-07 0.154383  4.20097
ZONE I=5
2.18896 4.46772 -0.943838 0.330408 1 0.0446772 0 4.22385e-06 -6.96634e-07 0.154383  4.20097
2.19635 4.48882 -0.943838 0.330409 1 0.0448882 0 4.2438e-06 -6.99925e-07 0.155204  4.22332
2.20374 4.50993 -0.943838 0.330409 1 0.0450993 0 4.26375e-06 -7.03215e-07 0.156026  4.24566
2.21112 4.53103 -0.943838 0.330409 1 0.0453103 0 4.28371e-06 -7.06506e-07 0.156847  4.26801
2.21851 4.55214 -0.943838 0.330409 1 0.0455214 0 4.30366e-06 -7.09797e-07 0.157668  4.29035
ZONE I=5
2.21851 4.55214 -0.943838 0.330409 1 0.0455214 0 4.30366e-06 -7.09797e-07 0.157668  4.29035
2.2259 4.57324 -0.943838 0.330409 1 0.0457324 0 4.32361e-06 -7.13088e-07 0.158489  4.3127
2.23329 4.59435 -0.943838 0.330409 1 0.0459435 0 4.34357e-06 -7.16379e-07 0.159311  4.33505
2.24068 4.61545 -0.943838 0.330409 1 0.0461545 0 4.36352e-06 -7.1967e-07 0.160132  4.35739
2.24807 4.63656 -0.943838 0.330409 1 0.0463656 0 4.38347e-06 -7.22961e-07 0.160953  4.37974
ZONE I=5
2.24807 4.63656 -0.943838 0.330409 1 0.0463656 0 4.38347e-06 -7.22961e-07 0.160953  4.37974
2.25545 4.65766 -0.943838 0.330409 1 0.0465766 0 4.40342e-06 -7.26251e-07 0.161774  4.40208
2.26284 4.67877 -0.943838 0.330409 1 0.0467877 0 4.42338e-06 -7.29542e-07 0.162596  4.42443
2.27023 4.69987 -0.943838 0.330409 1 0.0469987 0 4.44333e-06 -7.32833e-07 0.163417  4.44677
2.27762 4.72098 -0.943838 0.330409 1 0.0472098 0 4.46328e-06 -7.36124e-07 0.164238  4.46912
ZONE I=5
2.27762 4.72098 -0.943838 0.330409 1 0.0472098 0 4.46328e-06 -7.36124e-07 0.164238  4.46912
2.28501 4.74208 -0.943838 0.330409 1 0.0474208 0 4.48324e-06 -7.39415e-07 0.16506  4.49146
2.29239 4.76319 -0.943838 0.330409 1 0.0476319 0 4.50319e-06 -7.42706e-07 0.165881  4.51381
2.29978 4.78429 -0.943838 0.330409 1 0.0478429 0 4.52314e-06 -7.45997e-07 0.166702  4.53616
2.30717 4.8054 -0.943838 0.330409 1 0.048054 0 4.54309e-06 -7.49287e-07 0.167523  4.5585
ZONE I=5
2.30717 4.8054 -0.943838 0.330409 1 0.048054 0 4.54309e-06 -7.49287e-07 0.167523  4.5585
2.31456 4.8265 -0.943838 0.330409 1 0.048265 0 4.56305e-06 -7.52578e-07 0.168345  4.58085
2.32195 4.84761 -0.943838 0.330409 1 0.0484761 0 4.583e-06 -7.55869e-07 0.169166  4.60319
2.32933 4.86871 -0.943838 0.330409 1 0.0486871 0 4.60295e-06 -7.5916e-07 0.169987  4.62554
2.33672 4.88982 -0.943838 0.330409 1 0.0488982 0 4.6229e-06 -7.62451e-07 0.170808  4.64788
ZONE I=5
2.33672 4.88982 -0.943838 0.330409 1 0.0488982 0 4.6229e-06 -7.62451e-07 0.170808  4.64788
2.34411 4.91092 -0.943838 0.330409 1 0.0491092 0 4.64286e-06 -7.65742e-07 0.17163  4.67023
2.3515 4.93203 -0.943838 0.330409 1 0.0493203 0 4.66281e-06 -7.69033e-07 0.172451  4.69258
2.35889 4.95313 -0.943838 0.330409 1 0.0495313 0 4.68276e-06 -7.72324e-07 0.173272  4.71492
2.36628 4.97424 -0.943838 0.330409 1 0.0497424 0 4.70272e-06 -7.75614e-07 0.174094  4.73727
ZONE I=5
2.36628 4.97424 -0.943838 0.330409 1 0.0497424 0 4.70272e-06 -7.75614e-07 0.174094  4.73727
2.37366 4.99534 -0.943838 0.330409 1 0.0499534 0 4.72267e-06 -7.78905e-07 0.174915  4.75961
2.38105 5.01644 -0.943838 0.330409 1 0.0501644 0 4.74262e-06 -7.82196e-07 0.175736  4.78196
2.38844 5.03755 -0.943838 0.330409 1 0.0503755 0 4.76257e-06 -7.85487e-07 0.176557  4.8043
2.39583 5.05865 -0.943838 0.330409 1 0.0505865 0 4.78253e-06 -7.88778e-07 0.177379  4.82665
ZONE I=5
2.39583 5.05865 -0.943838 0.330409 1 0.0505865 0 4.78253e-06 -7.88778e-07 0.177379  4.82665
2.40322 5.07976 -0.943838 0.330409 1 0.0507976 0 4.80248e-06 -7.92069e-07 0.1782  4.84899
2.4106 5.10086 -0.943838 0.330409 1 0.0510086 0 4.82243e-06 -7.9536e-07 0.179021  4.87134
2.41799 5.12197 -0.943838 0.330409 1 0.0512197 0 4.84239e-06 -7.98651e-07 0.179843  4.89369
2.42538 5.14307 -0.943838 0.33041 1 0.0514307 0 4.86234e-06 -8.01941e-07 0.180664  4.91603
ZONE I=5
2.42538 5.14307 -0.943838 0.33041 1 0.0514307 0 4.86234e-06 -8.01941e-07 0.180664  4.91603
2.43277 5.16418 -0.943838 0.33041 1 0.0516418 0 4.88229e-06 -8.05232e-07 0.181485  4.93838
2.44016 5.18528 -0.943838 0.33041 1 0.0518528 0 4.90224e-06 -8.08523e-07 0.182306  4.96072
2.44755 5.20639 -0.943838 0.33041 1 0.0520639 0 4.9222e-06 -8.11814e-07 0.183128  4.98307
2.45493 5.22749 -0.943838 0.33041 1 0.0522749 0 4.94215e-06 -8.15105e-07 0.183949  5.00541
ZONE I=5
2.45493 5.22749 -0.943838 0.33041 1 0.0522749 0 4.94215e-06 -8.15105e-07 0.183949  5.00541
2.46232 5.2486 -0.943838 0.33041 1 0.052486 0 4.9621e-06 -8.18396e-07 0.18477  5.02776
2.46971 5.2697 -0.943838 0.33041 1 0.052697 0 4.98205e-06 -8.21687e-07 0.185592  5.0501
2.4771 5.29081 -0.943838 0.33041 1 0.0529081 0 5.00201e-06 -8.24977e-07 0.186413  5.07245
2.48449 5.31191 -0.943838 0.33041 1 0.0531191 0 5.02196e-06 -8.28268e-07 0.187234  5.0948
ZONE I=5
2.48449 5.31191 -0.943838 0.33041 1 0.0531191 0 5.02196e-06 -8.28268e-07 0.187234  5.0948
2.49187 5.33302 -0.943838 0.33041 1 0.0533302 0 5.04191e-06 -8.31559e-07 0.188056  5.11714
2.49926 5.35412 -0.943838 0.33041 1 0.0535412 0 5.06187e-06 -8.3485e-07 0.188877  5.13949
2.50665 5.37523 -0.943838 0.33041 1 0.0537523 0 5.08182e-06 -8.38141e-07 0.189698  5.16183
2.51404 5.39633 -0.943838 0.33041 1 0.0539633 0 5.10177e-06 -8.41432e-07 0.190519  5.18418
ZONE I=5
2.51404 5.39633 -0.943838 0.33041 1 0.0539633 0 5.10177e-06 -8.41432e-07 0.190519  5.18418
2.52143 5.41744 -0.943838 0.33041 1 0.0541744 0 5.12172e-06 -8.44723e-07 0.191341  5.20652
2.52882 5.43854 -0.943838 0.33041 1 0.0543854 0 5.14168e-06 -8.48014e-07 0.192162  5.22887
2.5362 5.45965 -0.943838 0.33041 1 0.0545965 0 5.16163e-06 -8.51304e-07 0.192983  5.25121
2.54359 5.48075 -0.943838 0.33041 1 0.0548075 0 5.18158e-06 -8.54595e-07 0.193805  5.27356
ZONE I=5
2.54359 5.48075 -0.943838 0.33041 1 0.0548075 0 5.18158e-06 -8.54595e-07 0.193805  5.27356
2.55098 5.50186 -0.943837 0.33041 1 0.0550186 0 5.20154e-06 -8.57886e-07 0.194626  5.29591
2.55837 5.52296 -0.943837 0.33041 1 0.0552296 0 5.22149e-06 -8.61177e-07 0.195447  5.31825
2.56576 5.54407 -0.943837 0.33041 1 0.0554407 0 5.24144e-06 -8.64468e-07 0.196269  5.3406
2.57315 5.56517 -0.943837 0.33041 1 0.0556517 0 5.26139e-06 -8.67759e-07 0.19709  5.36294
ZONE I=5
2.57315 5.56517 -0.943837 0.33041 1 0.0556517 0 5.26139e-06 -8.67759e-07 0.19709  5.36294
2.58053 5.58628 -0.943837 0.33041 1 0.0558628 0 5.28135e-06 -8.7105e-07 0.197911  5.38529
2.58792 5.60738 -0.943837 0.33041 1 0.0560738 0 5.3013e-06 -8.74341e-07 0.198732  5.40763
2.59531 5.62849 -0.943837 0.33041 1 0.0562849 0 5.32125e-06 -8.77631e-07 0.199554  5.42998
2.6027 5.64959 -0.943837 0.33041 1 0.0564959 0 5.3412e-06 -8.80922e-07 0.200375  5.45233
ZONE I=5
2.6027 5.64959 -0.943837 0.33041 1 0.0564959 0 5.3412e-06 -8.80922e-07 0.200375  5.45233
2.61009 5.6707 -0.943837 0.33041 1 0.056707 0 5.36116e-06 -8.84213e-07 0.201196  5.47467
2.61747 5.6918 -0.943837 0.33041 1 0.056918 0 5.38111e-06 -8.87504e-07 0.202018  5.49702
2.62486 5.7129 -0.943837 0.33041 1 0.057129 0 5.40106e-06 -8.90795e-07 0.202839  5.51936
2.63225 5.73401 -0.943837 0.33041 1 0.0573401 0 5.42102e-06 -8.94086e-07 0.20366  5.54171
ZONE I=5
2.63225 5.73401 -0.943837 0.33041 1 0.0573401 0 5.42102e-06 -8.94086e-07 0.20366  5.54171
2.63964 5.75511 -0.943837 0.33041 1 0.0575511 0 5.44097e-06 -8.97377e-07 0.204482  5.56405
2.64703 5.77622 -0.943837 0.33041 1 0.0577622 0 5.46092e-06 -9.00668e-07 0.205303  5.5864
2.65442 5.79732 -0.943837 0.33041 1 0.0579732 0 5.48087e-06 -9.03958e-07 0.206124  5.60874
2.6618 5.81843 -0.943837 0.33041 1 0.0581843 0 5.50083e-06 -9.07249e-07 0.206945  5.63109
ZONE I=5
2.6618 5.81843 -0.943837 0.33041 1 0.0581843 0 5.50083e-06 -9.07249e-07 0.206945  5.63109
2.66919 5.83953 -0.943837 0.33041 1 0.0583953 0 5.52078e-06 -9.1054e-07 0.207767  5.65344
2.67658 5.86064 -0.943837 0.33041 1 0.0586064 0 5.54073e-06 -9.13831e-07 0.208588  5.67578
2.68397 5.88174 -0.943837 0.330411 1 0.0588174 0 5.56069e-06 -9.17122e-07 0.209409  5.69813
2.69136 5.90285 -0.943837 0.330411 1 0.0590285 0 5.58064e-06 -9.20413e-07 0.210231  5.72047
ZONE I=5
2.69136 5.90285 -0.943837 0.330411 1 0.0590285 0 5.58064e-06 -9.20413e-07 0.210231  5.72047
2.69874 5.92395 -0.943837 0.330411 1 0.0592395 0 5.60059e-06 -9.23704e-07 0.211052  5.74282
2.70613 5.94506 -0.943837 0.330411 1 0.0594506 0 5.62054e-06 -9.26995e-07 0.211873  5.76516
2.71352 5.96616 -0.943837 0.330411 1 0.0596616 0 5.6405e-06 -9.30285e-07 0.212695  5.78751
2.72091 5.98727 -0.943837 0.330411 1 0.0598727 0 5.66045e-06 -9.33576e-07 0.213516  5.80985
ZONE I=5
2.72091 5.98727 -0.943837 0.330411 1 0.0598727 0 5.66045e-06 -9.33576e-07 0.213516  5.80985
2.7283 6.00837 -0.943837 0.330411 1 0.0600837 0 5.6804e-06 -9.36867e-07 0.214337  5.8322
2.73569 6.02948 -0.943837 0.330411 1 0.0602948 0 5.70035e-06 -9.40158e-07 0.215159  5.85455
2.74307 6.05058 -0.943837 0.330411 1 0.0605058 0 5.72031e-06 -9.43449e-07 0.21598  5.87689
2.75046 6.07169 -0.943837 0.330411 1 0.0607169 0 5.74026e-06 -9.4674e-07 0.216801  5.89924
ZONE I=5
2.75046 6.07169 -0.943837 0.330411 1 0.0607169 0 5.74026e-06 -9.4674e-07 0.216801  5.89924
2.75785 6.09279 -0.943837 0.330411 1 0.0609279 0 5.76021e-06 -9.50031e-07 0.217623  5.92158
2.76524 6.1139 -0.943837 0.330411 1 0.061139 0 5.78017e-06 -9.53322e-07 0.218444  5.94393
2.77263 6.135 -0.943837 0.330411 1 0.06135 0 5.80012e-06 -9.56613e-07 0.219265  5.96627
2.78001 6.15611 -0.943837 0.330411 1 0.0615611 0 5.82007e-06 -9.59903e-07 0.220087  5.98862
ZONE I=5
2.78001 6.15611 -0.943837 0.330411 1 0.0615611 0 5.82007e-06 -9.59903e-07 0.220087  5.98862
2.7874 6.17721 -0.943837 0.330411 1 0.0617721 0 5.84002e-06 -9.63194e-07 0.220908  6.01096
2.79479 6.19832 -0.943837 0.330411 1 0.0619832 0 5.85998e-06 -9.66485e-07 0.221729  6.03331
2.80218 6.21942 -0.943837 0.330411 1 0.0621942 0 5.87993e-06 -9.69776e-07 0.222551  6.05566
2.80957 6.24053 -0.943837 0.330411 1 0.0624053 0 5.89988e-06 -9.73067e-07 0.223372  6.078
ZONE I=5
2.80957 6.24053 -0.943837 0.330411 1 0.0624053 0 5.89988e-06 -9.73067e-07 0.223372  6.078
2.81696 6.26163 -0.943837 0.330411 1 0.0626163 0 5.91984e-06 -9.76358e-07 0.224193  6.10035
2.82434 6.28274 -0.943837 0.330411 1 0.0628274 0 5.93979e-06 -9.79649e-07 0.225014  6.12269
2.83173 6.30384 -0.943837 0.330411 1 0.0630384 0 5.95974e-06 -9.8294e-07 0.225836  6.14504
2.83912 6.32495 -0.943837 0.330411 1 0.0632495 0 5.97969e-06 -9.8623e-07 0.226657  6.16738
ZONE I=5
2.83912 6.32495 -0.943837 0.330411 1 0.0632495 0 5.97969e-06 -9.8623e-07 0.226657  6.16738
2.84651 6.34605 -0.943837 0.330411 1 0.0634605 0 5.99965e-06 -9.89521e-07 0.227478  6.18973
2.8539 6.36715 -0.943837 0.330411 1 0.0636715 0 6.0196e-06 -9.92812e-07 0.2283  6.21208
2.86129 6.38826 -0.943837 0.330411 1 0.0638826 0 6.03955e-06 -9.96103e-07 0.229121  6.23442
2.86867 6.40936 -0.943837 0.330411 1 0.0640936 0 6.0595e-06 -9.99394e-07 0.229942  6.25677
ZONE I=5
2.86867 6.40936 -0.943837 0.330411 1 0.0640936 0 6.0595e-06 -9.99394e-07 0.229942  6.25677
2.87606 6.43047 -0.943837 0.330411 1 0.0643047 0 6.07946e-06 -1.00268e-06 0.230764  6.27911
2.88345 6.45157 -0.943837 0.330411 1 0.0645157 0 6.09941e-06 -1.00598e-06 0.231585  6.30146
2.89084 6.47268 -0.943837 0.330411 1 0.0647268 0 6.11936e-06 -1.00927e-06 0.232406  6.3238
2.89823 6.49378 -0.943837 0.330411 1 0.0649378 0 6.13932e-06 -1.01256e-06 0.233228  6.34615
ZONE I=5
2.89823 6.49378 -0.943837 0.330411 1 0.0649378 0 6.13932e-06 -1.01256e-06 0.233228  6.34615
2.90561 6.51489 -0.943837 0.330411 1 0.0651489 0 6.15927e-06 -1.01585e-06 0.234049  6.36849
2.913 6.53599 -0.943837 0.330411 1 0.0653599 0 6.17922e-06 -1.01914e-06 0.23487  6.39084
2.92039 6.5571 -0.943837 0.330411 1 0.065571 0 6.19917e-06 -1.02243e-06 0.235692  6.41319
2.92778 6.5782 -0.943837 0.330411 1 0.065782 0 6.21913e-06 -1.02572e-06 0.236513  6.43553
ZONE I=5
2.92778 6.5782 -0.943837 0.330411 1 0.065782 0 6.21913e-06 -1.02572e-06 0.236513  6.43553
2.93517 6.59931 -0.943837 0.330411 1 0.0659931 0 6.23908e-06 -1.02901e-06 0.237334  6.45788
2.94256 6.62041 -0.943837 0.330411 1 0.0662041 0 6.25903e-06 -1.0323e-06 0.238156  6.48022
2.94994 6.64152 -0.943837 0.330411 1 0.0664152 0 6.27899e-06 -1.03559e-06 0.238977  6.50257
2.95733 6.66262 -0.943837 0.330411 1 0.0666262 0 6.29894e-06 -1.03888e-06 0.239798  6.52491
ZONE I=5
2.95733 6.66262 -0.943837 0.330411 1 0.0666262 0 6.29894e-06 -1.03888e-06 0.239798  6.52491
2.96472 6.68373 -0.943837 0.330411 1 0.0668373 0 6.31889e-06 -1.04218e-06 0.24062  6.54726
2.97211 6.70483 -0.943837 0.330411 1 0.0670483 0 6.33884e-06 -1.04547e-06 0.241441  6.5696
2.9795 6.72594 -0.943837 0.330411 1 0.0672594 0 6.3588e-06 -1.04876e-06 0.242262  6.59195
2.98688 6.74704 -0.943837 0.330412 1 0.0674704 0 6.37875e-06 -1.05205e-06 0.243084  6.6143
ZONE I=5
2.98688 6.74704 -0.943837 0.330412 1 0.0674704 0 6.37875e-06 -1.05205e-06 0.243084  6.6143
2.99427 6.76815 -0.943837 0.330412 1 0.0676815 0 6.3987e-06 -1.05534e-06 0.243905  6.63664
3.00166 6.78925 -0.943837 0.330412 1 0.0678925 0 6.41865e-06 -1.05863e-06 0.244726  6.65899
3.00905 6.81036 -0.943837 0.330412 1 0.0681036 0 6.43861e-06 -1.06192e-06 0.245548  6.68133
3.01644 6.83146 -0.943837 0.330412 1 0.0683146 0 6.45856e-06 -1.06521e-06 0.246369  6.70368
ZONE I=5
3.01644 6.83146 -0.943837 0.330412 1 0.0683146 0 6.45856e-06 -1.06521e-06 0.246369  6.70368
3.02383 6.85257 -0.943837 0.330412 1 0.0685257 0 6.47851e-06 -1.0685e-06 0.24719  6.72602
3.03121 6.87367 -0.943837 0.330412 1 0.0687367 0 6.49847e-06 -1.07179e-06 0.248012  6.74837
3.0386 6.89478 -0.943837 0.330412 1 0.0689478 0 6.51842e-06 -1.07508e-06 0.248833  6.77072
3.04599 6.91588 -0.943837 0.330412 1 0.0691588 0 6.53837e-06 -1.07838e-06 0.249654  6.79306
ZONE I=5
3.04599 6.91588 -0.943837 0.330412 1 0.0691588 0 6.53837e-06 -1.07838e-06 0.249654  6.79306
3.05338 6.93699 -0.943837 0.330412 1 0.0693699 0 6.55832e-06 -1.08167e-06 0.250476  6.81541
3.06077 6.95809 -0.943837 0.330412 1 0.0695809 0 6.57828e-06 -1.08496e-06 0.251297  6.83775
3.06816 6.9792 -0.943837 0.330412 1 0.069792 0 6.59823e-06 -1.08825e-06 0.252118  6.8601
3.07554 7.0003 -0.943837 0.330412 1 0.070003 0 6.61818e-06 -1.09154e-06 0.25294  6.88244
ZONE I=5
3.07554 7.0003 -0.943837 0.330412 1 0.070003 0 6.61818e-06 -1.09154e-06 0.25294  6.88244
3.08293 7.0214 -0.943837 0.330412 1 0.070214 0 6.63813e-06 -1.09483e-06 0.253761  6.90479
3.09032 7.04251 -0.943837 0.330412 1 0.0704251 0 6.65809e-06 -1.09812e-06 0.254582  6.92713
3.09771 7.06361 -0.943837 0.330412 1 0.0706361 0 6.67804e-06 -1.10141e-06 0.255404  6.94948
3.1051 7.08472 -0.943837 0.330412 1 0.0708472 0 6.69799e-06 -1.1047e-06 0.256225  6.97183
ZONE I=5
3.1051 7.08472 -0.943837 0.330412 1 0.0708472 0 6.69799e-06 -1.1047e-06 0.256225  6.97183
3.11248 7.10582 -0.943837 0.330412 1 0.0710582 0 6.71795e-06 -1.10799e-06 0.257047  6.99417
3.11987 7.12693 -0.943837 0.330412 1 0.0712693 0 6.7379e-06 -1.11128e-06 0.257868  7.01652
3.12726 7.14803 -0.943837 0.330412 1 0.0714803 0 6.75785e-06 -1.11457e-06 0.258689  7.03886
3.13465 7.16914 -0.943837 0.330412 1 0.0716914 0 6.7778e-06 -1.11787e-06 0.259511  7.06121
ZONE I=5
3.13465 7.16914 -0.943837 0.330412 1 0.0716914 0 6.7778e-06 -1.11787e-06 0.259511  7.06121
3.14204 7.19024 -0.943837 0.330412 1 0.0719024 0 6.79776e-06 -1.12116e-06 0.260332  7.08355
3.14943 7.21135 -0.943837 0.330412 1 0.0721135 0 6.81771e-06 -1.12445e-06 0.261153  7.1059
3.15681 7.23245 -0.943837 0.330412 1 0.0723245 0 6.83766e-06 -1.12774e-06 0.261975  7.12824
3.1642 7.25356 -0.943837 0.330412 1 0.0725356 0 6.85762e-06 -1.13103e-06 0.262796  7.15059
ZONE I=5
3.1642 7.25356 -0.943837 0.330412 1 0.0725356 0 6.85762e-06 -1.13103e-06 0.262796  7.15059
3.17159 7.27466 -0.943837 0.330412 1 0.0727466 0 6.87757e-06 -1.13432e-06 0.263617  7.17294
3.17898 7.29577 -0.943837 0.330412 1 0.0729577 0 6.89752e-06 -1.13761e-06 0.264439  7.19528
3.18637 7.31687 -0.943837 0.330412 1 0.0731687 0 6.91747e-06 -1.1409e-06 0.26526  7.21763
3.19376 7.33798 -0.943837 0.330412 1 0.0733798 0 6.93743e-06 -1.14419e-06 0.266081  7.23997
ZONE I=5
3.19376 7.33798 -0.943837 0.330412 1 0.0733798 0 6.93743e-06 -1.14419e-06 0.266081  7.23997
3.20114 7.35908 -0.943837 0.330412 1 0.0735908 0 6.95738e-06 -1.14748e-06 0.266903  7.26232
3.20853 7.38019 -0.943837 0.330412 1 0.0738019 0 6.97733e-06 -1.15077e-06 0.267724  7.28466
3.21592 7.40129 -0.943837 0.330412 1 0.0740129 0 6.99728e-06 -1.15407e-06 0.268545  7.30701
3.22331 7.4224 -0.943837 0.330412 1 0.074224 0 7.01724e-06 -1.15736e-06 0.269367  7.32935
ZONE I=5
3.22331 7.4224 -0.943837 0.330412 1 0.074224 0 7.01724e-06 -1.15736e-06 0.269367  7.32935
3.2307 7.4435 -0.943837 0.330412 1 0.074435 0 7.03719e-06 -1.16065e-06 0.270188  7.3517
3.23808 7.46461 -0.943837 0.330412 1 0.0746461 0 7.05714e-06 -1.16394e-06 0.271009  7.37405
3.24547 7.48571 -0.943837 0.330412 1 0.0748571 0 7.0771e-06 -1.16723e-06 0.271831  7.39639
3.25286 7.50682 -0.943837 0.330412 1 0.0750682 0 7.09705e-06 -1.17052e-06 0.272652  7.41874
ZONE I=5
3.25286 7.50682 -0.943837 0.330412 1 0.0750682 0 7.09705e-06 -1.17052e-06 0.272652  7.41874
3.26025 7.52792 -0.943837 0.330412 1 0.0752792 0 7.117e-06 -1.17381e-06 0.273473  7.44108
3.26764 7.54903 -0.943837 0.330412 1 0.0754903 0 7.13695e-06 -1.1771e-06 0.274295  7.46343
3.27503 7.57013 -0.943837 0.330412 1 0.0757013 0 7.15691e-06 -1.18039e-06 0.275116  7.48577
3.28241 7.59124 -0.943837 0.330412 1 0.0759124 0 7.17686e-06 -1.18368e-06 0.275938  7.50812
ZONE I=5
3.28241 7.59124 -0.943837 0.330412 1 0.0759124 0 7.17686e-06 -1.18368e-06 0.275938  7.50812
3.2898 7.61234 -0.943837 0.330412 1 0.0761234 0 7.19681e-06 -1.18697e-06 0.276759  7.53047
3.29719 7.63345 -0.943837 0.330412 1 0.0763345 0 7.21676e-06 -1.19026e-06 0.27758  7.55281
3.30458 7.65455 -0.943837 0.330412 1 0.0765455 0 7.23672e-06 -1.19356e-06 0.278402  7.57516
3.31197 7.67565 -0.943837 0.330412 1 0.0767565 0 7.25667e-06 -1.19685e-06 0.279223  7.5975
ZONE I=5
3.31197 7.67565 -0.943837 0.330412 1 0.0767565 0 7.25667e-06 -1.19685e-06 0.279223  7.5975
3.31936 7.69676 -0.943837 0.330412 1 0.0769676 0 7.27662e-06 -1.20014e-06 0.280044  7.61985
3.32674 7.71786 -0.943837 0.330412 1 0.0771786 0 7.29658e-06 -1.20343e-06 0.280866  7.64219
3.33413 7.73897 -0.943837 0.330412 1 0.0773897 0 7.31653e-06 -1.20672e-06 0.281687  7.66454
3.34152 7.76007 -0.943837 0.330412 1 0.0776007 0 7.33648e-06 -1.21001e-06 0.282508  7.68688
ZONE I=5
3.34152 7.76007 -0.943837 0.330412 1 0.0776007 0 7.33648e-06 -1.21001e-06 0.282508  7.68688
3.34891 7.78118 -0.943837 0.330412 1 0.0778118 0 7.35643e-06 -1.2133e-06 0.28333  7.70923
3.3563 7.80228 -0.943837 0.330412 1 0.0780228 0 7.37639e-06 -1.21659e-06 0.284151  7.73158
3.36368 7.82339 -0.943837 0.330412 1 0.0782339 0 7.39634e-06 -1.21988e-06 0.284972  7.75392
3.37107 7.84449 -0.943837 0.330412 1 0.0784449 0 7.41629e-06 -1.22317e-06 0.285794  7.77627
ZONE I=5
3.37107 7.84449 -0.943837 0.330412 1 0.0784449 0 7.41629e-06 -1.22317e-06 0.285794  7.77627
3.37846 7.8656 -0.943837 0.330412 1 0.078656 0 7.43625e-06 -1.22646e-06 0.286615  7.79861
3.38585 7.8867 -0.943837 0.330412 1 0.078867 0 7.4562e-06 -1.22976e-06 0.287437  7.82096
3.39324 7.90781 -0.943837 0.330412 1 0.0790781 0 7.47615e-06 -1.23305e-06 0.288258  7.8433
3.40063 7.92891 -0.943837 0.330412 1 0.0792891 0 7.4961e-06 -1.23634e-06 0.289079  7.86565
ZONE I=5
3.40063 7.92891 -0.943837 0.330412 1 0.0792891 0 7.4961e-06 -1.23634e-06 0.289079  7.86565
3.40801 7.95002 -0.943837 0.330412 1 0.0795002 0 7.51606e-06 -1.23963e-06 0.289901  7.88799
3.4154 7.97112 -0.943837 0.330412 1 0.0797112 0 7.53601e-06 -1.24292e-06 0.290722  7.91034
3.42279 7.99223 -0.943837 0.330412 1 0.0799223 0 7.55596e-06 -1.24621e-06 0.291543  7.93269
3.43018 8.01333 -0.943837 0.330412 1 0.0801333 0 7.57591e-06 -1.2495e-06 0.292365  7.95503
ZONE I=5
3.43018 8.01333 -0.943837 0.330412 1 0.0801333 0 7.57591e-06 -1.2495e-06 0.292365  7.95503
3.43757 8.03444 -0.943837 0.330412 1 0.0803444 0 7.59587e-06 -1.25279e-06 0.293186  7.97738
3.44496 8.05554 -0.943837 0.330412 1 0.0805554 0 7.61582e-06 -1.25608e-06 0.294007  7.99972
3.45234 8.07665 -0.943837 0.330412 1 0.0807665 0 7.63577e-06 -1.25937e-06 0.294829  8.02207
3.45973 8.09775 -0.943837 0.330413 1 0.0809775 0 7.65573e-06 -1.26266e-06 0.29565  8.04441
ZONE I=5
3.45973 8.09775 -0.943837 0.330413 1 0.0809775 0 7.65573e-06 -1.26266e-06 0.29565  8.04441
3.46712 8.11886 -0.943837 0.330413 1 0.0811886 0 7.67568e-06 -1.26595e-06 0.296471  8.06676
3.47451 8.13996 -0.943837 0.330413 1 0.0813996 0 7.69563e-06 -1.26925e-06 0.297293  8.0891
3.4819 8.16107 -0.943837 0.330413 1 0.0816107 0 7.71558e-06 -1.27254e-06 0.298114  8.11145
3.48929 8.18217 -0.943837 0.330413 1 0.0818217 0 7.73554e-06 -1.27583e-06 0.298936  8.1338
ZONE I=5
3.48929 8.18217 -0.943837 0.330413 1 0.0818217 0 7.73554e-06 -1.27583e-06 0.298936  8.1338
3.49667 8.20328 -0.943837 0.330413 1 0.0820328 0 7.75549e-06 -1.27912e-06 0.299757  8.15614
3.50406 8.22438 -0.943837 0.330413 1 0.0822438 0 7.77544e-06 -1.28241e-06 0.300578  8.17849
3.51145 8.24549 -0.943837 0.330413 1 0.0824549 0 7.7954e-06 -1.2857e-06 0.3014  8.20083
3.51884 8.26659 -0.943837 0.330413 1 0.0826659 0 7.81535e-06 -1.28899e-06 0.302221  8.22318
ZONE I=5
3.51884 8.26659 -0.943837 0.330413 1 0.0826659 0 7.81535e-06 -1.28899e-06 0.302221  8.22318
3.52623 8.28769 -0.943837 0.330413 1 0.0828769 0 7.8353e-06 -1.29228e-06 0.303042  8.24552
3.53361 8.3088 -0.943837 0.330413 1 0.083088 0 7.85525e-06 -1.29557e-06 0.303864  8.26787
3.541 8.3299 -0.943837 0.330413 1 0.083299 0 7.87521e-06 -1.29886e-06 0.304685  8.29022
3.54839 8.35101 -0.943837 0.330413 1 0.0835101 0 7.89516e-06 -1.30215e-06 0.305506  8.31256
ZONE I=5
3.54839 8.35101 -0.943837 0.330413 1 0.0835101 0 7.89516e-06 -1.30215e-06 0.305506  8.31256
3.55578 8.37211 -0.943837 0.330413 1 0.0837211 0 7.91511e-06 -1.30544e-06 0.306328  8.33491
3.56317 8.39322 -0.943837 0.330413 1 0.0839322 0 7.93506e-06 -1.30874e-06 0.307149  8.35725
3.57056 8.41432 -0.943837 0.330413 1 0.0841432 0 7.95502e-06 -1.31203e-06 0.307971  8.3796
3.57794 8.43543 -0.943837 0.330413 1 0.0843543 0 7.97497e-06 -1.31532e-06 0.308792  8.40194
ZONE I=5
3.57794 8.43543 -0.943837 0.330413 1 0.0843543 0 7.97497e-06 -1.31532e-06 0.308792  8.40194
3.58533 8.45653 -0.943837 0.330413 1 0.0845653 0 7.99492e-06 -1.31861e-06 0.309613  8.42429
3.59272 8.47764 -0.943837 0.330413 1 0.0847764 0 8.01488e-06 -1.3219e-06 0.310435  8.44663
3.60011 8.49874 -0.943837 0.330413 1 0.0849874 0 8.03483e-06 -1.32519e-06 0.311256  8.46898
3.6075 8.51985 -0.943837 0.330413 1 0.0851985 0 8.05478e-06 -1.32848e-06 0.312077  8.49133
ZONE I=5
3.6075 8.51985 -0.943837 0.330413 1 0.0851985 0 8.05478e-06 -1.32848e-06 0.312077  8.49133
3.61489 8.54095 -0.943837 0.330413 1 0.0854095 0 8.07473e-06 -1.33177e-06 0.312899  8.51367
3.62227 8.56206 -0.943837 0.330413 1 0.0856206 0 8.09469e-06 -1.33506e-06 0.31372  8.53602
3.62966 8.58316 -0.943837 0.330413 1 0.0858316 0 8.11464e-06 -1.33835e-06 0.314541  8.55836
3.63705 8.60427 -0.943837 0.330413 1 0.0860427 0 8.13459e-06 -1.34164e-06 0.315363  8.58071
ZONE I=5
3.63705 8.60427 -0.943837 0.330413 1 0.0860427 0 8.13459e-06 -1.34164e-06 0.315363  8.58071
3.64444 8.62537 -0.943837 0.330413 1 0.0862537 0 8.15455e-06 -1.34494e-06 0.316184  8.60305
3.65183 8.64648 -0.943837 0.330413 1 0.0864648 0 8.1745e-06 -1.34823e-06 0.317006  8.6254
3.65921 8.66758 -0.943837 0.330413 1 0.0866758 0 8.19445e-06 -1.35152e-06 0.317827  8.64774
3.6666 8.68869 -0.943837 0.330413 1 0.0868869 0 8.2144e-06 -1.35481e-06 0.318648  8.67009
ZONE I=5
3.6666 8.68869 -0.943837 0.330413 1 0.0868869 0 8.2144e-06 -1.35481e-06 0.318648  8.67009
3.67399 8.70979 -0.943837 0.330413 1 0.0870979 0 8.23436e-06 -1.3581e-06 0.31947  8.69244
3.68138 8.7309 -0.943837 0.330413 1 0.087309 0 8.25431e-06 -1.36139e-06 0.320291  8.71478
3.68877 8.752 -0.943837 0.330413 1 0.08752 0 8.27426e-06 -1.36468e-06 0.321112  8.73713
3.69616 8.77311 -0.943837 0.330413 1 0.0877311 0 8.29421e-06 -1.36797e-06 0.321934  8.75947
ZONE I=5
3.69616 8.77311 -0.943837 0.330413 1 0.0877311 0 8.29421e-06 -1.36797e-06 0.321934  8.75947
3.70354 8.79421 -0.943837 0.330413 1 0.0879421 0 8.31417e-06 -1.37126e-06 0.322755  8.78182
3.71093 8.81532 -0.943837 0.330413 1 0.0881532 0 8.33412e-06 -1.37455e-06 0.323576  8.80416
3.71832 8.83642 -0.943837 0.330413 1 0.0883642 0 8.35407e-06 -1.37784e-06 0.324398  8.82651
3.72571 8.85753 -0.943837 0.330413 1 0.0885753 0 8.37403e-06 -1.38113e-06 0.325219  8.84885
ZONE I=5
3.72571 8.85753 -0.943837 0.330413 1 0.0885753 0 8.37403e-06 -1.38113e-06 0.325219  8.84885
3.7331 8.87863 -0.943837 0.330413 1 0.0887863 0 8.39398e-06 -1.38443e-06 0.326041  8.8712
3.74049 8.89973 -0.943837 0.330413 1 0.0889973 0 8.41393e-06 -1.38772e-06 0.326862  8.89355
3.74787 8.92084 -0.943837 0.330413 1 0.0892084 0 8.43388e-06 -1.39101e-06 0.327683  8.91589
3.75526 8.94194 -0.943837 0.330413 1 0.0894194 0 8.45384e-06 -1.3943e-06 0.328505  8.93824
