ZONE I=5
0.8 0.5 -0.938774 0.344535 1 0.03 0 2.82194e-06 -4.8516e-07 0  0
0.807566 0.520458 -0.937073 0.349132 1 0.0312275 0 2.93243e-06 -5.10823e-07 0.00118259  0.0217805
0.815411 0.541366 -0.935461 0.35343 1 0.032482 0 3.04533e-06 -5.3696e-07 0.00249854  0.0440729
0.823418 0.562415 -0.933862 0.357633 1 0.0337449 0 3.15869e-06 -5.63506e-07 0.00392726  0.066548
0.83147 0.583297 -0.932207 0.361927 1 0.0349978 0 3.27056e-06 -5.90396e-07 0.00544818  0.0888766
ZONE I=5
0.83147 0.583297 -0.932207 0.361927 1 0.0349978 0 3.27056e-06 -5.90396e-07 0.00544818  0.0888766
0.839575 0.604032 -0.930533 0.366208 1 0.0362419 0 3.38117e-06 -6.17505e-07 0.00706397  0.111081
0.847807 0.624811 -0.928865 0.370418 1 0.0374887 0 3.49168e-06 -6.44934e-07 0.00878772  0.133365
0.856145 0.645583 -0.92719 0.37459 1 0.038735 0 3.60174e-06 -6.72665e-07 0.0106145  0.155672
0.864566 0.666294 -0.925497 0.378755 1 0.0399776 0 3.71101e-06 -7.00682e-07 0.0125394  0.177948
ZONE I=5
0.864566 0.666294 -0.925497 0.378755 1 0.0399776 0 3.71101e-06 -7.00682e-07 0.0125394  0.177948
0.873073 0.686949 -0.923792 0.382896 1 0.0412169 0 3.81956e-06 -7.28954e-07 0.0145626  0.200194
0.881678 0.70758 -0.922079 0.387002 1 0.0424548 0 3.92755e-06 -7.57491e-07 0.0166864  0.222446
0.890377 0.728177 -0.920357 0.391079 1 0.0436906 0 4.03495e-06 -7.86284e-07 0.0189095  0.244694
0.899165 0.748732 -0.918624 0.395133 1 0.0449239 0 4.14169e-06 -8.15321e-07 0.0212304  0.266928
ZONE I=5
0.899165 0.748732 -0.918624 0.395133 1 0.0449239 0 4.14169e-06 -8.15321e-07 0.0212304  0.266928
0.908042 0.769245 -0.916881 0.39916 1 0.0461547 0 4.24778e-06 -8.44591e-07 0.0236487  0.289148
0.917009 0.789721 -0.91513 0.40316 1 0.0473833 0 4.35325e-06 -8.74087e-07 0.0261646  0.31136
0.926066 0.810159 -0.913369 0.407132 1 0.0486096 0 4.45809e-06 -9.03802e-07 0.0287773  0.333562
0.935211 0.830557 -0.9116 0.411078 1 0.0498334 0 4.56229e-06 -9.33727e-07 0.0314861  0.355751
ZONE I=5
0.935211 0.830557 -0.9116 0.411078 1 0.0498334 0 4.56229e-06 -9.33727e-07 0.0314861  0.355751
0.944444 0.850915 -0.909822 0.414998 1 0.0510549 0 4.66585e-06 -9.63852e-07 0.0342906  0.377928
0.953765 0.871234 -0.908036 0.418891 1 0.052274 0 4.76878e-06 -9.94169e-07 0.0371903  0.400094
0.963172 0.891512 -0.906243 0.422758 1 0.0534907 0 4.87107e-06 -1.02467e-06 0.0401848  0.422247
0.972666 0.911751 -0.904441 0.426598 1 0.054705 0 4.97273e-06 -1.05535e-06 0.0432734  0.444387
ZONE I=5
0.972666 0.911751 -0.904441 0.426598 1 0.054705 0 4.97273e-06 -1.05535e-06 0.0432734  0.444387
0.982245 0.931949 -0.902633 0.430412 1 0.0559169 0 5.07375e-06 -1.0862e-06 0.0464556  0.466513
0.991909 0.952106 -0.900817 0.434199 1 0.0571264 0 5.17414e-06 -1.1172e-06 0.049731  0.488627
1.00166 0.972223 -0.898994 0.43796 1 0.0583334 0 5.2739e-06 -1.14836e-06 0.0530991  0.510726
1.01149 0.9923 -0.897165 0.441695 1 0.059538 0 5.37302e-06 -1.17967e-06 0.0565592  0.532811
ZONE I=5
1.01149 0.9923 -0.897165 0.441695 1 0.059538 0 5.37302e-06 -1.17967e-06 0.0565592  0.532811
1.02141 1.01233 -0.895329 0.445404 1 0.0607401 0 5.47151e-06 -1.21111e-06 0.060111  0.554882
1.0314 1.03233 -0.893488 0.449087 1 0.0619397 0 5.56938e-06 -1.24268e-06 0.0637538  0.576938
1.04148 1.05228 -0.89164 0.452744 1 0.0631369 0 5.66661e-06 -1.27437e-06 0.0674873  0.598979
1.05165 1.07219 -0.889787 0.456376 1 0.0643316 0 5.76322e-06 -1.30618e-06 0.0713107  0.621004
ZONE I=5
1.05165 1.07219 -0.889787 0.456376 1 0.0643316 0 5.76322e-06 -1.30618e-06 0.0713107  0.621004
1.06189 1.09206 -0.887929 0.459981 1 0.0655239 0 5.8592e-06 -1.3381e-06 0.0752238  0.643014
1.07221 1.11189 -0.886065 0.463561 1 0.0667136 0 5.95456e-06 -1.37011e-06 0.0792258  0.665008
1.08261 1.13168 -0.884197 0.467115 1 0.0679008 0 6.0493e-06 -1.40222e-06 0.0833164  0.686985
1.0931 1.15143 -0.882324 0.470643 1 0.0690855 0 6.14342e-06 -1.43442e-06 0.087495  0.708946
ZONE I=5
1.0931 1.15143 -0.882324 0.470643 1 0.0690855 0 6.14342e-06 -1.43442e-06 0.087495  0.708946
1.10366 1.17113 -0.880446 0.474146 1 0.0702678 0 6.23692e-06 -1.4667e-06 0.091761  0.730891
1.11429 1.19079 -0.878565 0.477624 1 0.0714475 0 6.3298e-06 -1.49905e-06 0.096114  0.752818
1.12501 1.21041 -0.876679 0.481076 1 0.0726246 0 6.42207e-06 -1.53147e-06 0.100553  0.774728
1.1358 1.22999 -0.87479 0.484503 1 0.0737993 0 6.51373e-06 -1.56395e-06 0.105079  0.79662
ZONE I=5
1.1358 1.22999 -0.87479 0.484503 1 0.0737993 0 6.51373e-06 -1.56395e-06 0.105079  0.79662
1.14667 1.24952 -0.872897 0.487905 1 0.0749714 0 6.60479e-06 -1.59648e-06 0.10969  0.818495
1.15762 1.26902 -0.871001 0.491282 1 0.0761409 0 6.69523e-06 -1.62906e-06 0.114386  0.840352
1.16864 1.28847 -0.869101 0.494634 1 0.077308 0 6.78508e-06 -1.66168e-06 0.119166  0.86219
1.17973 1.30787 -0.867199 0.497961 1 0.0784724 0 6.87432e-06 -1.69434e-06 0.12403  0.88401
ZONE I=5
1.17973 1.30787 -0.867199 0.497961 1 0.0784724 0 6.87432e-06 -1.69434e-06 0.12403  0.88401
1.1909 1.32724 -0.865295 0.501264 1 0.0796344 0 6.96297e-06 -1.72703e-06 0.128977  0.905812
1.20214 1.34656 -0.863388 0.504541 1 0.0807937 0 7.05102e-06 -1.75975e-06 0.134007  0.927594
1.21346 1.36584 -0.861478 0.507794 1 0.0819506 0 7.13849e-06 -1.79248e-06 0.13912  0.949357
1.22485 1.38508 -0.859567 0.511023 1 0.0831048 0 7.22536e-06 -1.82523e-06 0.144315  0.971101
ZONE I=5
1.22485 1.38508 -0.859567 0.511023 1 0.0831048 0 7.22536e-06 -1.82523e-06 0.144315  0.971101
1.23631 1.40428 -0.857654 0.514228 1 0.0842565 0 7.31165e-06 -1.85798e-06 0.149591  0.992825
1.24784 1.42343 -0.855739 0.517408 1 0.0854056 0 7.39736e-06 -1.89074e-06 0.154947  1.01453
1.25944 1.44254 -0.853823 0.520564 1 0.0865522 0 7.4825e-06 -1.92349e-06 0.160384  1.03621
1.27112 1.4616 -0.851906 0.523695 1 0.0876962 0 7.56706e-06 -1.95624e-06 0.165901  1.05788
ZONE I=5
1.27112 1.4616 -0.851906 0.523695 1 0.0876962 0 7.56706e-06 -1.95624e-06 0.165901  1.05788
1.28286 1.48063 -0.849987 0.526803 1 0.0888376 0 7.65104e-06 -1.98897e-06 0.171497  1.07952
1.29467 1.49961 -0.848068 0.529887 1 0.0899765 0 7.73447e-06 -2.02168e-06 0.177172  1.10115
1.30655 1.51855 -0.846148 0.532948 1 0.0911128 0 7.81732e-06 -2.05438e-06 0.182925  1.12275
1.3185 1.53744 -0.844228 0.535984 1 0.0922465 0 7.89962e-06 -2.08704e-06 0.188757  1.14433
ZONE I=5
1.3185 1.53744 -0.844228 0.535984 1 0.0922465 0 7.89962e-06 -2.08704e-06 0.188757  1.14433
1.33052 1.55629 -0.842307 0.538998 1 0.0933776 0 7.98137e-06 -2.11968e-06 0.194665  1.16589
1.3426 1.5751 -0.840387 0.541987 1 0.0945062 0 8.06256e-06 -2.15228e-06 0.20065  1.18743
1.35475 1.59387 -0.838466 0.544954 1 0.0956322 0 8.1432e-06 -2.18484e-06 0.206712  1.20895
1.36697 1.61259 -0.836546 0.547897 1 0.0967556 0 8.2233e-06 -2.21735e-06 0.212849  1.23045
ZONE I=5
1.36697 1.61259 -0.836546 0.547897 1 0.0967556 0 8.2233e-06 -2.21735e-06 0.212849  1.23045
1.37925 1.63127 -0.834626 0.550817 1 0.0978764 0 8.30286e-06 -2.24982e-06 0.219062  1.25193
1.39159 1.64991 -0.832707 0.553714 1 0.0989947 0 8.38189e-06 -2.28223e-06 0.225349  1.27338
1.40401 1.66851 -0.830789 0.556588 1 0.10011 0 8.46038e-06 -2.31459e-06 0.231711  1.29481
1.41648 1.68706 -0.828871 0.559439 1 0.101224 0 8.53834e-06 -2.34688e-06 0.238146  1.31622
ZONE I=5
1.41648 1.68706 -0.828871 0.559439 1 0.101224 0 8.53834e-06 -2.34688e-06 0.238146  1.31622
1.42902 1.70557 -0.826955 0.562268 1 0.102334 0 8.61579e-06 -2.37912e-06 0.244655  1.33761
1.44162 1.72403 -0.82504 0.565074 1 0.103442 0 8.69271e-06 -2.41128e-06 0.251237  1.35898
1.45429 1.74246 -0.823127 0.567858 1 0.104548 0 8.76912e-06 -2.44337e-06 0.257891  1.38032
1.46701 1.76084 -0.821215 0.570619 1 0.10565 0 8.84502e-06 -2.47539e-06 0.264617  1.40164
ZONE I=5
1.46701 1.76084 -0.821215 0.570619 1 0.10565 0 8.84502e-06 -2.47539e-06 0.264617  1.40164
1.4798 1.77918 -0.819305 0.573358 1 0.106751 0 8.92041e-06 -2.50733e-06 0.271414  1.42294
1.49265 1.79747 -0.817397 0.576075 1 0.107848 0 8.9953e-06 -2.53919e-06 0.278283  1.44422
1.50556 1.81573 -0.81549 0.578771 1 0.108944 0 9.06969e-06 -2.57097e-06 0.285221  1.46547
1.51853 1.83394 -0.813587 0.581444 1 0.110036 0 9.14359e-06 -2.60266e-06 0.29223  1.4867
ZONE I=5
1.51853 1.83394 -0.813587 0.581444 1 0.110036 0 9.14359e-06 -2.60266e-06 0.29223  1.4867
1.53156 1.85211 -0.811685 0.584095 1 0.111126 0 9.217e-06 -2.63426e-06 0.299308  1.50791
1.54464 1.87023 -0.809786 0.586725 1 0.112214 0 9.28993e-06 -2.66576e-06 0.306455  1.52909
1.55779 1.88831 -0.80789 0.589333 1 0.113299 0 9.36237e-06 -2.69717e-06 0.313671  1.55025
1.571 1.90636 -0.805997 0.59192 1 0.114381 0 9.43435e-06 -2.72848e-06 0.320954  1.57139
ZONE I=5
1.571 1.90636 -0.805997 0.59192 1 0.114381 0 9.43435e-06 -2.72848e-06 0.320954  1.57139
1.58426 1.92435 -0.804106 0.594486 1 0.115461 0 9.50585e-06 -2.75969e-06 0.328305  1.5925
1.59758 1.94231 -0.802219 0.59703 1 0.116539 0 9.57688e-06 -2.7908e-06 0.335723  1.61359
1.61095 1.96022 -0.800335 0.599553 1 0.117613 0 9.64746e-06 -2.8218e-06 0.343208  1.63466
1.62439 1.9781 -0.798454 0.602056 1 0.118686 0 9.71757e-06 -2.8527e-06 0.350759  1.6557
ZONE I=5
1.62439 1.9781 -0.798454 0.602056 1 0.118686 0 9.71757e-06 -2.8527e-06 0.350759  1.6557
1.63787 1.99593 -0.796577 0.604537 1 0.119756 0 9.78724e-06 -2.88348e-06 0.358375  1.67672
1.65142 2.01372 -0.794703 0.606998 1 0.120823 0 9.85645e-06 -2.91415e-06 0.366057  1.69772
1.66502 2.03146 -0.792834 0.609438 1 0.121888 0 9.92523e-06 -2.9447e-06 0.373803  1.71869
1.67867 2.04917 -0.790968 0.611858 1 0.12295 0 9.99356e-06 -2.97514e-06 0.381614  1.73964
ZONE I=5
1.67867 2.04917 -0.790968 0.611858 1 0.12295 0 9.99356e-06 -2.97514e-06 0.381614  1.73964
1.69237 2.06683 -0.789106 0.614257 1 0.12401 0 1.00615e-05 -3.00546e-06 0.389488  1.76056
1.70613 2.08445 -0.787248 0.616636 1 0.125067 0 1.01289e-05 -3.03567e-06 0.397426  1.78147
1.71995 2.10203 -0.785395 0.618995 1 0.126122 0 1.0196e-05 -3.06574e-06 0.405427  1.80234
1.73381 2.11957 -0.783545 0.621335 1 0.127174 0 1.02626e-05 -3.0957e-06 0.41349  1.8232
ZONE I=5
1.73381 2.11957 -0.783545 0.621335 1 0.127174 0 1.02626e-05 -3.0957e-06 0.41349  1.8232
1.74773 2.13707 -0.781701 0.623654 1 0.128224 0 1.03288e-05 -3.12553e-06 0.421615  1.84402
1.7617 2.15452 -0.779861 0.625953 1 0.129271 0 1.03946e-05 -3.15523e-06 0.429801  1.86483
1.77572 2.17194 -0.778025 0.628233 1 0.130316 0 1.046e-05 -3.18481e-06 0.438049  1.88561
1.78979 2.18931 -0.776195 0.630493 1 0.131359 0 1.0525e-05 -3.21426e-06 0.446357  1.90637
ZONE I=5
1.78979 2.18931 -0.776195 0.630493 1 0.131359 0 1.0525e-05 -3.21426e-06 0.446357  1.90637
1.80391 2.20665 -0.774369 0.632734 1 0.132399 0 1.05896e-05 -3.24357e-06 0.454726  1.9271
1.81808 2.22394 -0.772549 0.634955 1 0.133436 0 1.06538e-05 -3.27276e-06 0.463154  1.94781
1.83231 2.24119 -0.770734 0.637158 1 0.134472 0 1.07176e-05 -3.30181e-06 0.471641  1.96849
1.84657 2.2584 -0.768924 0.639341 1 0.135504 0 1.0781e-05 -3.33072e-06 0.480187  1.98915
ZONE I=5
1.84657 2.2584 -0.768924 0.639341 1 0.135504 0 1.0781e-05 -3.33072e-06 0.480187  1.98915
1.86089 2.27558 -0.767119 0.641505 1 0.136535 0 1.08441e-05 -3.35951e-06 0.488792  2.00979
1.87526 2.29271 -0.76532 0.643651 1 0.137562 0 1.09067e-05 -3.38815e-06 0.497454  2.0304
1.88967 2.3098 -0.763526 0.645777 1 0.138588 0 1.0969e-05 -3.41666e-06 0.506174  2.05099
1.90414 2.32685 -0.761738 0.647886 1 0.139611 0 1.1031e-05 -3.44503e-06 0.514951  2.07155
ZONE I=5
1.90414 2.32685 -0.761738 0.647886 1 0.139611 0 1.1031e-05 -3.44503e-06 0.514951  2.07155
1.91865 2.34386 -0.759955 0.649975 1 0.140632 0 1.10925e-05 -3.47326e-06 0.523785  2.09209
1.9332 2.36083 -0.758179 0.652047 1 0.14165 0 1.11538e-05 -3.50136e-06 0.532675  2.1126
1.9478 2.37776 -0.756408 0.6541 1 0.142666 0 1.12146e-05 -3.52931e-06 0.541621  2.13309
1.96245 2.39466 -0.754644 0.656135 1 0.143679 0 1.12751e-05 -3.55713e-06 0.550622  2.15356
ZONE I=5
1.96245 2.39466 -0.754644 0.656135 1 0.143679 0 1.12751e-05 -3.55713e-06 0.550622  2.15356
1.97714 2.41151 -0.752885 0.658152 1 0.14469 0 1.13353e-05 -3.5848e-06 0.559678  2.174
1.99188 2.42832 -0.751133 0.660151 1 0.145699 0 1.13951e-05 -3.61233e-06 0.568788  2.19442
2.00666 2.4451 -0.749387 0.662132 1 0.146706 0 1.14546e-05 -3.63972e-06 0.577953  2.21481
2.02149 2.46183 -0.747647 0.664096 1 0.14771 0 1.15138e-05 -3.66697e-06 0.587171  2.23518
ZONE I=5
2.02149 2.46183 -0.747647 0.664096 1 0.14771 0 1.15138e-05 -3.66697e-06 0.587171  2.23518
2.03636 2.47853 -0.745914 0.666042 1 0.148712 0 1.15727e-05 -3.69407e-06 0.596443  2.25553
2.05127 2.49519 -0.744188 0.667971 1 0.149711 0 1.16312e-05 -3.72104e-06 0.605767  2.27585
2.06623 2.51181 -0.742468 0.669882 1 0.150708 0 1.16894e-05 -3.74786e-06 0.615144  2.29615
2.08123 2.52839 -0.740754 0.671776 1 0.151703 0 1.17473e-05 -3.77454e-06 0.624572  2.31642
ZONE I=5
2.08123 2.52839 -0.740754 0.671776 1 0.151703 0 1.17473e-05 -3.77454e-06 0.624572  2.31642
2.09627 2.54493 -0.739047 0.673653 1 0.152696 0 1.18048e-05 -3.80107e-06 0.634053  2.33667
2.11135 2.56144 -0.737348 0.675514 1 0.153686 0 1.18621e-05 -3.82746e-06 0.643584  2.35689
2.12647 2.5779 -0.735655 0.677357 1 0.154674 0 1.19191e-05 -3.85371e-06 0.653166  2.3771
2.14164 2.59433 -0.733969 0.679183 1 0.15566 0 1.19758e-05 -3.87982e-06 0.662799  2.39727
ZONE I=5
2.14164 2.59433 -0.733969 0.679183 1 0.15566 0 1.19758e-05 -3.87982e-06 0.662799  2.39727
2.15684 2.61072 -0.73229 0.680993 1 0.156643 0 1.20322e-05 -3.90578e-06 0.672482  2.41743
2.17209 2.62708 -0.730618 0.682787 1 0.157625 0 1.20883e-05 -3.9316e-06 0.682214  2.43756
2.18738 2.64339 -0.728953 0.684564 1 0.158604 0 1.21441e-05 -3.95728e-06 0.691995  2.45766
2.2027 2.65967 -0.727295 0.686325 1 0.15958 0 1.21996e-05 -3.98281e-06 0.701825  2.47774
ZONE I=5
2.2027 2.65967 -0.727295 0.686325 1 0.15958 0 1.21996e-05 -3.98281e-06 0.701825  2.47774
2.21807 2.67592 -0.725645 0.688069 1 0.160555 0 1.22549e-05 -4.00821e-06 0.711704  2.4978
2.23347 2.69212 -0.724002 0.689798 1 0.161527 0 1.23098e-05 -4.03346e-06 0.72163  2.51783
2.24891 2.70829 -0.722367 0.69151 1 0.162498 0 1.23646e-05 -4.05857e-06 0.731604  2.53785
2.26439 2.72443 -0.720739 0.693207 1 0.163466 0 1.2419e-05 -4.08354e-06 0.741625  2.55783
ZONE I=5
2.26439 2.72443 -0.720739 0.693207 1 0.163466 0 1.2419e-05 -4.08354e-06 0.741625  2.55783
2.27991 2.74052 -0.719118 0.694888 1 0.164431 0 1.24732e-05 -4.10837e-06 0.751694  2.5778
2.29547 2.75658 -0.717505 0.696553 1 0.165395 0 1.25271e-05 -4.13306e-06 0.761808  2.59774
2.31106 2.77261 -0.7159 0.698203 1 0.166356 0 1.25808e-05 -4.15761e-06 0.771969  2.61765
2.32669 2.7886 -0.714302 0.699837 1 0.167316 0 1.26342e-05 -4.18202e-06 0.782175  2.63755
ZONE I=5
2.32669 2.7886 -0.714302 0.699837 1 0.167316 0 1.26342e-05 -4.18202e-06 0.782175  2.63755
2.34235 2.80455 -0.712712 0.701457 1 0.168273 0 1.26874e-05 -4.20629e-06 0.792426  2.65742
2.35806 2.82047 -0.71113 0.703061 1 0.169228 0 1.27404e-05 -4.23043e-06 0.802723  2.67726
2.37379 2.83635 -0.709556 0.704649 1 0.170181 0 1.27931e-05 -4.25442e-06 0.813064  2.69709
2.38957 2.8522 -0.707989 0.706223 1 0.171132 0 1.28456e-05 -4.27828e-06 0.823449  2.71689
ZONE I=5
2.38957 2.8522 -0.707989 0.706223 1 0.171132 0 1.28456e-05 -4.27828e-06 0.823449  2.71689
2.40537 2.86801 -0.706431 0.707782 1 0.172081 0 1.28978e-05 -4.30201e-06 0.833878  2.73667
2.42122 2.88379 -0.70488 0.709327 1 0.173027 0 1.29498e-05 -4.3256e-06 0.84435  2.75642
2.43709 2.89953 -0.703337 0.710856 1 0.173972 0 1.30016e-05 -4.34905e-06 0.854866  2.77615
2.453 2.91524 -0.701803 0.712371 1 0.174914 0 1.30532e-05 -4.37237e-06 0.865424  2.79586
ZONE I=5
2.453 2.91524 -0.701803 0.712371 1 0.174914 0 1.30532e-05 -4.37237e-06 0.865424  2.79586
2.46895 2.93091 -0.700276 0.713872 1 0.175855 0 1.31046e-05 -4.39556e-06 0.876024  2.81555
2.48493 2.94655 -0.698758 0.715358 1 0.176793 0 1.31557e-05 -4.41861e-06 0.886667  2.83521
2.50094 2.96216 -0.697248 0.71683 1 0.17773 0 1.32067e-05 -4.44154e-06 0.897351  2.85485
2.51698 2.97773 -0.695746 0.718288 1 0.178664 0 1.32574e-05 -4.46433e-06 0.908076  2.87447
ZONE I=5
2.51698 2.97773 -0.695746 0.718288 1 0.178664 0 1.32574e-05 -4.46433e-06 0.908076  2.87447
2.53306 2.99327 -0.694252 0.719732 1 0.179596 0 1.3308e-05 -4.487e-06 0.918842  2.89407
2.54917 3.00878 -0.692767 0.721162 1 0.180527 0 1.33583e-05 -4.50953e-06 0.929649  2.91364
2.56531 3.02425 -0.691289 0.722578 1 0.181455 0 1.34085e-05 -4.53194e-06 0.940496  2.9332
2.58148 3.03969 -0.68982 0.72398 1 0.182382 0 1.34584e-05 -4.55422e-06 0.951383  2.95273
ZONE I=5
2.58148 3.03969 -0.68982 0.72398 1 0.182382 0 1.34584e-05 -4.55422e-06 0.951383  2.95273
2.59768 3.0551 -0.68836 0.725369 1 0.183306 0 1.35082e-05 -4.57638e-06 0.962309  2.97223
2.61392 3.07048 -0.686908 0.726745 1 0.184229 0 1.35578e-05 -4.59841e-06 0.973275  2.99172
2.63018 3.08582 -0.685464 0.728106 1 0.185149 0 1.36072e-05 -4.62031e-06 0.984279  3.01118
2.64648 3.10113 -0.684029 0.729455 1 0.186068 0 1.36564e-05 -4.6421e-06 0.995322  3.03063
ZONE I=5
2.64648 3.10113 -0.684029 0.729455 1 0.186068 0 1.36564e-05 -4.6421e-06 0.995322  3.03063
2.6628 3.11641 -0.682602 0.73079 1 0.186984 0 1.37055e-05 -4.66376e-06 1.0064  3.05005
2.67916 3.13165 -0.681184 0.732112 1 0.187899 0 1.37543e-05 -4.6853e-06 1.01752  3.06944
2.69554 3.14687 -0.679774 0.733422 1 0.188812 0 1.3803e-05 -4.70672e-06 1.02868  3.08882
2.71196 3.16205 -0.678373 0.734718 1 0.189723 0 1.38516e-05 -4.72802e-06 1.03987  3.10818
ZONE I=5
2.71196 3.16205 -0.678373 0.734718 1 0.189723 0 1.38516e-05 -4.72802e-06 1.03987  3.10818
2.7284 3.17721 -0.67698 0.736001 1 0.190632 0 1.39e-05 -4.74921e-06 1.0511  3.12751
2.74487 3.19233 -0.675596 0.737272 1 0.19154 0 1.39482e-05 -4.77028e-06 1.06237  3.14683
2.76137 3.20742 -0.674221 0.73853 1 0.192445 0 1.39963e-05 -4.79123e-06 1.07367  3.16612
2.77789 3.22248 -0.672854 0.739775 1 0.193349 0 1.40442e-05 -4.81207e-06 1.08501  3.18539
ZONE I=5
2.77789 3.22248 -0.672854 0.739775 1 0.193349 0 1.40442e-05 -4.81207e-06 1.08501  3.18539
2.79445 3.23751 -0.671496 0.741008 1 0.19425 0 1.4092e-05 -4.8328e-06 1.09638  3.20464
2.81103 3.25251 -0.670146 0.742229 1 0.19515 0 1.41396e-05 -4.85341e-06 1.10779  3.22387
2.82764 3.26748 -0.668805 0.743437 1 0.196049 0 1.41871e-05 -4.87391e-06 1.11923  3.24308
2.84428 3.28241 -0.667473 0.744634 1 0.196945 0 1.42344e-05 -4.89431e-06 1.13071  3.26227
ZONE I=5
2.84428 3.28241 -0.667473 0.744634 1 0.196945 0 1.42344e-05 -4.89431e-06 1.13071  3.26227
2.86094 3.29732 -0.66615 0.745818 1 0.197839 0 1.42816e-05 -4.91459e-06 1.14223  3.28144
2.87763 3.3122 -0.664835 0.74699 1 0.198732 0 1.43287e-05 -4.93477e-06 1.15377  3.30058
2.89435 3.32706 -0.663529 0.74815 1 0.199623 0 1.43756e-05 -4.95485e-06 1.16535  3.31971
2.91109 3.34188 -0.662232 0.749299 1 0.200513 0 1.44224e-05 -4.97482e-06 1.17697  3.33882
ZONE I=5
2.91109 3.34188 -0.662232 0.749299 1 0.200513 0 1.44224e-05 -4.97482e-06 1.17697  3.33882
2.92785 3.35667 -0.660944 0.750436 1 0.2014 0 1.44691e-05 -4.99468e-06 1.18861  3.3579
2.94465 3.37143 -0.659664 0.751561 1 0.202286 0 1.45156e-05 -5.01444e-06 1.20029  3.37697
2.96146 3.38617 -0.658393 0.752674 1 0.20317 0 1.4562e-05 -5.0341e-06 1.212  3.39602
2.9783 3.40088 -0.657131 0.753777 1 0.204053 0 1.46083e-05 -5.05367e-06 1.22375  3.41505
ZONE I=5
2.9783 3.40088 -0.657131 0.753777 1 0.204053 0 1.46083e-05 -5.05367e-06 1.22375  3.41505
2.99517 3.41556 -0.655877 0.754867 1 0.204933 0 1.46545e-05 -5.07313e-06 1.23552  3.43405
3.01206 3.43021 -0.654633 0.755947 1 0.205812 0 1.47006e-05 -5.0925e-06 1.24733  3.45304
3.02898 3.44483 -0.653397 0.757015 1 0.20669 0 1.47466e-05 -5.11177e-06 1.25917  3.47201
3.04591 3.45943 -0.65217 0.758073 1 0.207566 0 1.47924e-05 -5.13094e-06 1.27103  3.49096
ZONE I=5
3.04591 3.45943 -0.65217 0.758073 1 0.207566 0 1.47924e-05 -5.13094e-06 1.27103  3.49096
3.06288 3.474 -0.650952 0.759119 1 0.20844 0 1.48382e-05 -5.15002e-06 1.28293  3.50989
3.07986 3.48854 -0.649743 0.760154 1 0.209312 0 1.48838e-05 -5.16901e-06 1.29486  3.5288
3.09687 3.50305 -0.648542 0.761179 1 0.210183 0 1.49294e-05 -5.18791e-06 1.30682  3.5477
3.1139 3.51754 -0.64735 0.762193 1 0.211052 0 1.49748e-05 -5.20672e-06 1.31881  3.56657
ZONE I=5
3.1139 3.51754 -0.64735 0.762193 1 0.211052 0 1.49748e-05 -5.20672e-06 1.31881  3.56657
3.13096 3.532 -0.646167 0.763196 1 0.21192 0 1.50202e-05 -5.22544e-06 1.33083  3.58543
3.14803 3.54644 -0.644993 0.764188 1 0.212786 0 1.50654e-05 -5.24408e-06 1.34288  3.60426
3.16513 3.56085 -0.643828 0.76517 1 0.213651 0 1.51106e-05 -5.26262e-06 1.35495  3.62308
3.18225 3.57523 -0.642671 0.766142 1 0.214514 0 1.51557e-05 -5.28109e-06 1.36706  3.64188
ZONE I=5
3.18225 3.57523 -0.642671 0.766142 1 0.214514 0 1.51557e-05 -5.28109e-06 1.36706  3.64188
3.19939 3.58959 -0.641524 0.767103 1 0.215375 0 1.52007e-05 -5.29947e-06 1.37919  3.66066
3.21655 3.60392 -0.640385 0.768054 1 0.216235 0 1.52456e-05 -5.31776e-06 1.39135  3.67943
3.23374 3.61822 -0.639255 0.768995 1 0.217093 0 1.52904e-05 -5.33598e-06 1.40354  3.69817
3.25094 3.6325 -0.638133 0.769926 1 0.21795 0 1.53351e-05 -5.35412e-06 1.41576  3.7169
ZONE I=5
3.25094 3.6325 -0.638133 0.769926 1 0.21795 0 1.53351e-05 -5.35412e-06 1.41576  3.7169
3.26817 3.64676 -0.637021 0.770847 1 0.218806 0 1.53798e-05 -5.37217e-06 1.428  3.73561
3.28542 3.66099 -0.635917 0.771757 1 0.21966 0 1.54244e-05 -5.39016e-06 1.44027  3.7543
3.30268 3.6752 -0.634822 0.772658 1 0.220512 0 1.54689e-05 -5.40806e-06 1.45257  3.77298
3.31997 3.68938 -0.633736 0.77355 1 0.221363 0 1.55133e-05 -5.42589e-06 1.46489  3.79163
ZONE I=5
3.31997 3.68938 -0.633736 0.77355 1 0.221363 0 1.55133e-05 -5.42589e-06 1.46489  3.79163
3.33728 3.70354 -0.632658 0.774431 1 0.222212 0 1.55577e-05 -5.44365e-06 1.47724  3.81027
3.3546 3.71767 -0.63159 0.775303 1 0.22306 0 1.5602e-05 -5.46134e-06 1.48962  3.8289
3.37195 3.73178 -0.63053 0.776165 1 0.223907 0 1.56463e-05 -5.47895e-06 1.50202  3.8475
3.38931 3.74587 -0.629478 0.777018 1 0.224752 0 1.56904e-05 -5.4965e-06 1.51444  3.86609
ZONE I=5
3.38931 3.74587 -0.629478 0.777018 1 0.224752 0 1.56904e-05 -5.4965e-06 1.51444  3.86609
3.4067 3.75994 -0.628436 0.777861 1 0.225596 0 1.57346e-05 -5.51398e-06 1.52689  3.88467
3.4241 3.77398 -0.627402 0.778696 1 0.226439 0 1.57786e-05 -5.53139e-06 1.53937  3.90322
3.44152 3.78799 -0.626377 0.77952 1 0.22728 0 1.58226e-05 -5.54873e-06 1.55187  3.92176
3.45896 3.80199 -0.62536 0.780336 1 0.228119 0 1.58666e-05 -5.56601e-06 1.5644  3.94028
ZONE I=5
3.45896 3.80199 -0.62536 0.780336 1 0.228119 0 1.58666e-05 -5.56601e-06 1.5644  3.94028
3.47642 3.81596 -0.624353 0.781143 1 0.228958 0 1.59104e-05 -5.58323e-06 1.57694  3.95879
3.49389 3.82991 -0.623353 0.78194 1 0.229795 0 1.59543e-05 -5.60038e-06 1.58952  3.97728
3.51138 3.84384 -0.622363 0.782729 1 0.23063 0 1.59981e-05 -5.61747e-06 1.60211  3.99576
3.52889 3.85774 -0.621381 0.783509 1 0.231464 0 1.60418e-05 -5.63451e-06 1.61473  4.01422
ZONE I=5
3.52889 3.85774 -0.621381 0.783509 1 0.231464 0 1.60418e-05 -5.63451e-06 1.61473  4.01422
3.54642 3.87162 -0.620408 0.78428 1 0.232297 0 1.60855e-05 -5.65148e-06 1.62737  4.03266
3.56397 3.88549 -0.619443 0.785042 1 0.233129 0 1.61291e-05 -5.6684e-06 1.64004  4.05109
3.58153 3.89933 -0.618487 0.785795 1 0.23396 0 1.61728e-05 -5.68526e-06 1.65273  4.0695
3.59911 3.91314 -0.617539 0.78654 1 0.234789 0 1.62163e-05 -5.70207e-06 1.66544  4.08789
ZONE I=5
3.59911 3.91314 -0.617539 0.78654 1 0.234789 0 1.62163e-05 -5.70207e-06 1.66544  4.08789
3.6167 3.92694 -0.6166 0.787277 1 0.235617 0 1.62598e-05 -5.71882e-06 1.67817  4.10628
3.63432 3.94072 -0.615669 0.788005 1 0.236443 0 1.63033e-05 -5.73552e-06 1.69092  4.12464
3.65194 3.95448 -0.614747 0.788724 1 0.237269 0 1.63468e-05 -5.75217e-06 1.7037  4.14299
3.66959 3.96821 -0.613834 0.789435 1 0.238093 0 1.63902e-05 -5.76877e-06 1.7165  4.16133
ZONE I=5
3.66959 3.96821 -0.613834 0.789435 1 0.238093 0 1.63902e-05 -5.76877e-06 1.7165  4.16133
3.68725 3.98193 -0.612929 0.790138 1 0.238916 0 1.64336e-05 -5.78532e-06 1.72931  4.17965
3.70492 3.99562 -0.612032 0.790833 1 0.239737 0 1.64769e-05 -5.80182e-06 1.74215  4.19796
3.72261 4.0093 -0.611144 0.79152 1 0.240558 0 1.65203e-05 -5.81828e-06 1.75501  4.21625
3.74032 4.02295 -0.610264 0.792198 1 0.241377 0 1.65636e-05 -5.83469e-06 1.76789  4.23453
ZONE I=5
3.74032 4.02295 -0.610264 0.792198 1 0.241377 0 1.65636e-05 -5.83469e-06 1.76789  4.23453
3.75804 4.03659 -0.609392 0.792869 1 0.242195 0 1.66068e-05 -5.85105e-06 1.78079  4.25279
3.77578 4.0502 -0.608529 0.793532 1 0.243012 0 1.66501e-05 -5.86737e-06 1.79371  4.27104
3.79353 4.0638 -0.607674 0.794187 1 0.243828 0 1.66933e-05 -5.88365e-06 1.80665  4.28928
3.81129 4.07738 -0.606827 0.794834 1 0.244643 0 1.67365e-05 -5.89989e-06 1.81961  4.3075
ZONE I=5
3.81129 4.07738 -0.606827 0.794834 1 0.244643 0 1.67365e-05 -5.89989e-06 1.81961  4.3075
3.82907 4.09094 -0.605989 0.795473 1 0.245456 0 1.67797e-05 -5.91609e-06 1.83259  4.32571
3.84687 4.10448 -0.605159 0.796105 1 0.246269 0 1.68228e-05 -5.93225e-06 1.84559  4.3439
3.86468 4.118 -0.604337 0.796729 1 0.24708 0 1.6866e-05 -5.94837e-06 1.8586  4.36208
3.8825 4.13151 -0.603524 0.797345 1 0.24789 0 1.69091e-05 -5.96445e-06 1.87164  4.38025
ZONE I=5
3.8825 4.13151 -0.603524 0.797345 1 0.24789 0 1.69091e-05 -5.96445e-06 1.87164  4.38025
3.90033 4.14499 -0.602718 0.797954 1 0.2487 0 1.69522e-05 -5.9805e-06 1.88469  4.39841
3.91818 4.15846 -0.601921 0.798556 1 0.249508 0 1.69953e-05 -5.99651e-06 1.89776  4.41655
3.93605 4.17191 -0.601131 0.79915 1 0.250315 0 1.70384e-05 -6.01249e-06 1.91085  4.43468
3.95392 4.18534 -0.60035 0.799737 1 0.251121 0 1.70815e-05 -6.02843e-06 1.92396  4.45279
ZONE I=5
3.95392 4.18534 -0.60035 0.799737 1 0.251121 0 1.70815e-05 -6.02843e-06 1.92396  4.45279
3.97181 4.19876 -0.599577 0.800317 1 0.251926 0 1.71246e-05 -6.04435e-06 1.93709  4.47089
3.98971 4.21216 -0.598812 0.800889 1 0.252729 0 1.71676e-05 -6.06023e-06 1.95023  4.48898
4.00763 4.22554 -0.598055 0.801455 1 0.253532 0 1.72107e-05 -6.07608e-06 1.96339  4.50706
4.02555 4.2389 -0.597306 0.802013 1 0.254334 0 1.72537e-05 -6.09191e-06 1.97657  4.52513
ZONE I=5
4.02555 4.2389 -0.597306 0.802013 1 0.254334 0 1.72537e-05 -6.09191e-06 1.97657  4.52513
4.04349 4.25225 -0.596565 0.802565 1 0.255135 0 1.72968e-05 -6.1077e-06 1.98976  4.54318
4.06145 4.26558 -0.595832 0.803109 1 0.255935 0 1.73398e-05 -6.12347e-06 2.00297  4.56122
4.07941 4.2789 -0.595106 0.803647 1 0.256734 0 1.73828e-05 -6.13922e-06 2.0162  4.57925
4.09738 4.2922 -0.594389 0.804178 1 0.257532 0 1.74259e-05 -6.15494e-06 2.02944  4.59727
ZONE I=5
4.09738 4.2922 -0.594389 0.804178 1 0.257532 0 1.74259e-05 -6.15494e-06 2.02944  4.59727
4.11537 4.30548 -0.593679 0.804702 1 0.258329 0 1.74689e-05 -6.17063e-06 2.0427  4.61527
4.13337 4.31875 -0.592978 0.805219 1 0.259125 0 1.75119e-05 -6.1863e-06 2.05598  4.63327
4.15138 4.332 -0.592283 0.80573 1 0.25992 0 1.7555e-05 -6.20195e-06 2.06927  4.65125
4.1694 4.34523 -0.591597 0.806234 1 0.260714 0 1.7598e-05 -6.21758e-06 2.08257  4.66922
ZONE I=5
4.1694 4.34523 -0.591597 0.806234 1 0.260714 0 1.7598e-05 -6.21758e-06 2.08257  4.66922
4.18744 4.35845 -0.590918 0.806731 1 0.261507 0 1.76411e-05 -6.23319e-06 2.09589  4.68718
4.20548 4.37166 -0.590247 0.807222 1 0.2623 0 1.76841e-05 -6.24877e-06 2.10923  4.70513
4.22354 4.38485 -0.589584 0.807707 1 0.263091 0 1.77272e-05 -6.26434e-06 2.12258  4.72306
4.2416 4.39803 -0.588928 0.808185 1 0.263882 0 1.77703e-05 -6.2799e-06 2.13594  4.74099
ZONE I=5
4.2416 4.39803 -0.588928 0.808185 1 0.263882 0 1.77703e-05 -6.2799e-06 2.13594  4.74099
4.25968 4.41119 -0.58828 0.808657 1 0.264671 0 1.78133e-05 -6.29543e-06 2.14932  4.75891
4.27777 4.42433 -0.587639 0.809123 1 0.26546 0 1.78564e-05 -6.31095e-06 2.16272  4.77681
4.29586 4.43747 -0.587006 0.809582 1 0.266248 0 1.78995e-05 -6.32645e-06 2.17613  4.79471
4.31397 4.45059 -0.586381 0.810036 1 0.267035 0 1.79427e-05 -6.34194e-06 2.18955  4.81259
ZONE I=5
4.31397 4.45059 -0.586381 0.810036 1 0.267035 0 1.79427e-05 -6.34194e-06 2.18955  4.81259
4.33209 4.46369 -0.585762 0.810483 1 0.267821 0 1.79858e-05 -6.35742e-06 2.20298  4.83046
4.35022 4.47678 -0.585151 0.810924 1 0.268607 0 1.80289e-05 -6.37288e-06 2.21643  4.84833
4.36836 4.48986 -0.584548 0.811359 1 0.269392 0 1.80721e-05 -6.38833e-06 2.2299  4.86618
4.3865 4.50292 -0.583952 0.811788 1 0.270175 0 1.81153e-05 -6.40377e-06 2.24337  4.88402
ZONE I=5
4.3865 4.50292 -0.583952 0.811788 1 0.270175 0 1.81153e-05 -6.40377e-06 2.24337  4.88402
4.40466 4.51597 -0.583363 0.812212 1 0.270958 0 1.81584e-05 -6.4192e-06 2.25686  4.90186
4.42283 4.52901 -0.582781 0.812629 1 0.271741 0 1.82017e-05 -6.43462e-06 2.27036  4.91968
4.441 4.54204 -0.582207 0.813041 1 0.272522 0 1.82449e-05 -6.45003e-06 2.28388  4.9375
4.45919 4.55505 -0.581639 0.813447 1 0.273303 0 1.82881e-05 -6.46543e-06 2.2974  4.9553
ZONE I=5
4.45919 4.55505 -0.581639 0.813447 1 0.273303 0 1.82881e-05 -6.46543e-06 2.2974  4.9553
4.47738 4.56805 -0.581079 0.813847 1 0.274083 0 1.83314e-05 -6.48082e-06 2.31094  4.9731
4.49558 4.58104 -0.580526 0.814242 1 0.274862 0 1.83747e-05 -6.49621e-06 2.3245  4.99088
4.51379 4.59401 -0.57998 0.814631 1 0.275641 0 1.8418e-05 -6.51159e-06 2.33806  5.00866
4.53201 4.60697 -0.579441 0.815014 1 0.276418 0 1.84613e-05 -6.52697e-06 2.35163  5.02643
ZONE I=5
4.53201 4.60697 -0.579441 0.815014 1 0.276418 0 1.84613e-05 -6.52697e-06 2.35163  5.02643
4.55024 4.61992 -0.578909 0.815392 1 0.277195 0 1.85047e-05 -6.54234e-06 2.36522  5.04419
4.56848 4.63286 -0.578384 0.815765 1 0.277972 0 1.85481e-05 -6.5577e-06 2.37882  5.06194
4.58672 4.64579 -0.577866 0.816132 1 0.278747 0 1.85915e-05 -6.57307e-06 2.39243  5.07968
4.60498 4.65871 -0.577355 0.816493 1 0.279522 0 1.86349e-05 -6.58843e-06 2.40605  5.09741
ZONE I=5
4.60498 4.65871 -0.577355 0.816493 1 0.279522 0 1.86349e-05 -6.58843e-06 2.40605  5.09741
4.62324 4.67161 -0.57685 0.81685 1 0.280297 0 1.86784e-05 -6.60379e-06 2.41968  5.11514
4.64151 4.6845 -0.576353 0.817201 1 0.28107 0 1.87218e-05 -6.61915e-06 2.43333  5.13285
4.65978 4.69739 -0.575862 0.817547 1 0.281843 0 1.87653e-05 -6.6345e-06 2.44698  5.15056
4.67807 4.71026 -0.575377 0.817888 1 0.282615 0 1.88089e-05 -6.64986e-06 2.46064  5.16826
ZONE I=5
4.67807 4.71026 -0.575377 0.817888 1 0.282615 0 1.88089e-05 -6.64986e-06 2.46064  5.16826
4.69636 4.72312 -0.5749 0.818224 1 0.283387 0 1.88525e-05 -6.66522e-06 2.47432  5.18595
4.71466 4.73597 -0.574429 0.818554 1 0.284158 0 1.88961e-05 -6.68057e-06 2.488  5.20363
4.73297 4.74881 -0.573965 0.81888 1 0.284928 0 1.89397e-05 -6.69593e-06 2.5017  5.22131
4.75128 4.76163 -0.573507 0.819201 1 0.285698 0 1.89834e-05 -6.7113e-06 2.5154  5.23898
ZONE I=5
4.75128 4.76163 -0.573507 0.819201 1 0.285698 0 1.89834e-05 -6.7113e-06 2.5154  5.23898
4.7696 4.77445 -0.573056 0.819516 1 0.286467 0 1.90271e-05 -6.72666e-06 2.52912  5.25664
4.78793 4.78726 -0.572611 0.819827 1 0.287236 0 1.90708e-05 -6.74203e-06 2.54284  5.27429
4.80627 4.80006 -0.572173 0.820133 1 0.288004 0 1.91145e-05 -6.7574e-06 2.55658  5.29194
4.82461 4.81285 -0.571741 0.820434 1 0.288771 0 1.91583e-05 -6.77277e-06 2.57032  5.30958
ZONE I=5
4.82461 4.81285 -0.571741 0.820434 1 0.288771 0 1.91583e-05 -6.77277e-06 2.57032  5.30958
4.84296 4.82563 -0.571315 0.820731 1 0.289538 0 1.92022e-05 -6.78815e-06 2.58407  5.32721
4.86131 4.8384 -0.570896 0.821023 1 0.290304 0 1.9246e-05 -6.80354e-06 2.59783  5.34483
4.87967 4.85116 -0.570483 0.82131 1 0.29107 0 1.92899e-05 -6.81893e-06 2.61161  5.36245
4.89804 4.86391 -0.570076 0.821592 1 0.291835 0 1.93339e-05 -6.83433e-06 2.62538  5.38006
ZONE I=5
4.89804 4.86391 -0.570076 0.821592 1 0.291835 0 1.93339e-05 -6.83433e-06 2.62538  5.38006
4.91642 4.87666 -0.569675 0.82187 1 0.292599 0 1.93778e-05 -6.84973e-06 2.63917  5.39766
4.9348 4.88939 -0.56928 0.822143 1 0.293363 0 1.94218e-05 -6.86515e-06 2.65297  5.41526
4.95318 4.90212 -0.568892 0.822412 1 0.294127 0 1.94659e-05 -6.88057e-06 2.66677  5.43285
4.97158 4.91483 -0.568509 0.822677 1 0.29489 0 1.951e-05 -6.89599e-06 2.68059  5.45043
ZONE I=5
4.97158 4.91483 -0.568509 0.822677 1 0.29489 0 1.951e-05 -6.89599e-06 2.68059  5.45043
4.98997 4.92754 -0.568133 0.822937 1 0.295652 0 1.95541e-05 -6.91143e-06 2.69441  5.46801
5.00838 4.94024 -0.567763 0.823192 1 0.296414 0 1.95982e-05 -6.92687e-06 2.70824  5.48558
5.02679 4.95293 -0.567398 0.823444 1 0.297176 0 1.96424e-05 -6.94233e-06 2.72207  5.50315
5.0452 4.96561 -0.567039 0.823691 1 0.297937 0 1.96867e-05 -6.95779e-06 2.73592  5.52071
ZONE I=5
5.0452 4.96561 -0.567039 0.823691 1 0.297937 0 1.96867e-05 -6.95779e-06 2.73592  5.52071
5.06363 4.97829 -0.566686 0.823934 1 0.298697 0 1.9731e-05 -6.97327e-06 2.74977  5.53826
5.08205 4.99096 -0.566339 0.824172 1 0.299457 0 1.97753e-05 -6.98875e-06 2.76363  5.55581
5.10048 5.00362 -0.565998 0.824407 1 0.300217 0 1.98196e-05 -7.00425e-06 2.7775  5.57335
5.11892 5.01627 -0.565662 0.824637 1 0.300976 0 1.9864e-05 -7.01976e-06 2.79137  5.59088
ZONE I=5
5.11892 5.01627 -0.565662 0.824637 1 0.300976 0 1.9864e-05 -7.01976e-06 2.79137  5.59088
5.13736 5.02891 -0.565332 0.824863 1 0.301735 0 1.99085e-05 -7.03528e-06 2.80525  5.60842
5.15581 5.04155 -0.565008 0.825086 1 0.302493 0 1.9953e-05 -7.05081e-06 2.81914  5.62594
5.17426 5.05418 -0.564689 0.825304 1 0.303251 0 1.99975e-05 -7.06635e-06 2.83304  5.64346
5.19272 5.06681 -0.564376 0.825518 1 0.304008 0 2.0042e-05 -7.08191e-06 2.84694  5.66097
ZONE I=5
5.19272 5.06681 -0.564376 0.825518 1 0.304008 0 2.0042e-05 -7.08191e-06 2.84694  5.66097
5.21118 5.07942 -0.564068 0.825729 1 0.304765 0 2.00867e-05 -7.09748e-06 2.86085  5.67848
5.22965 5.09203 -0.563765 0.825935 1 0.305522 0 2.01313e-05 -7.11306e-06 2.87476  5.69598
5.24812 5.10463 -0.563468 0.826138 1 0.306278 0 2.0176e-05 -7.12866e-06 2.88869  5.71348
5.26659 5.11723 -0.563176 0.826337 1 0.307034 0 2.02207e-05 -7.14427e-06 2.90261  5.73098
ZONE I=5
5.26659 5.11723 -0.563176 0.826337 1 0.307034 0 2.02207e-05 -7.14427e-06 2.90261  5.73098
5.28507 5.12982 -0.56289 0.826532 1 0.307789 0 2.02655e-05 -7.15989e-06 2.91655  5.74846
5.30355 5.1424 -0.562609 0.826723 1 0.308544 0 2.03104e-05 -7.17553e-06 2.93049  5.76595
5.32204 5.15498 -0.562333 0.826911 1 0.309299 0 2.03552e-05 -7.19118e-06 2.94443  5.78343
5.34054 5.16755 -0.562062 0.827095 1 0.310053 0 2.04001e-05 -7.20685e-06 2.95838  5.8009
ZONE I=5
5.34054 5.16755 -0.562062 0.827095 1 0.310053 0 2.04001e-05 -7.20685e-06 2.95838  5.8009
5.35903 5.18012 -0.561796 0.827276 1 0.310807 0 2.04451e-05 -7.22254e-06 2.97234  5.81837
5.37753 5.19268 -0.561535 0.827453 1 0.311561 0 2.04901e-05 -7.23823e-06 2.9863  5.83584
5.39604 5.20523 -0.561279 0.827626 1 0.312314 0 2.05352e-05 -7.25395e-06 3.00027  5.8533
5.41454 5.21778 -0.561029 0.827796 1 0.313067 0 2.05803e-05 -7.26968e-06 3.01424  5.87076
ZONE I=5
5.41454 5.21778 -0.561029 0.827796 1 0.313067 0 2.05803e-05 -7.26968e-06 3.01424  5.87076
5.43306 5.23032 -0.560783 0.827963 1 0.313819 0 2.06254e-05 -7.28543e-06 3.02822  5.88821
5.45157 5.24286 -0.560542 0.828126 1 0.314571 0 2.06706e-05 -7.30119e-06 3.04221  5.90566
5.47009 5.25539 -0.560306 0.828286 1 0.315323 0 2.07158e-05 -7.31697e-06 3.0562  5.9231
5.48861 5.26791 -0.560074 0.828442 1 0.316075 0 2.07611e-05 -7.33277e-06 3.07019  5.94054
ZONE I=5
5.48861 5.26791 -0.560074 0.828442 1 0.316075 0 2.07611e-05 -7.33277e-06 3.07019  5.94054
5.50714 5.28043 -0.559848 0.828596 1 0.316826 0 2.08064e-05 -7.34858e-06 3.08419  5.95798
5.52567 5.29295 -0.559626 0.828746 1 0.317577 0 2.08518e-05 -7.36441e-06 3.09819  5.97541
5.5442 5.30546 -0.559408 0.828892 1 0.318328 0 2.08972e-05 -7.38026e-06 3.1122  5.99284
5.56274 5.31797 -0.559195 0.829036 1 0.319078 0 2.09427e-05 -7.39612e-06 3.12621  6.01027
ZONE I=5
5.56274 5.31797 -0.559195 0.829036 1 0.319078 0 2.09427e-05 -7.39612e-06 3.12621  6.01027
5.58128 5.33047 -0.558987 0.829176 1 0.319828 0 2.09882e-05 -7.412e-06 3.14023  6.02769
5.59982 5.34297 -0.558784 0.829314 1 0.320578 0 2.10337e-05 -7.4279e-06 3.15425  6.04511
5.61837 5.35546 -0.558584 0.829448 1 0.321328 0 2.10794e-05 -7.44382e-06 3.16827  6.06252
5.63691 5.36795 -0.558389 0.829579 1 0.322077 0 2.1125e-05 -7.45975e-06 3.1823  6.07993
ZONE I=5
5.63691 5.36795 -0.558389 0.829579 1 0.322077 0 2.1125e-05 -7.45975e-06 3.1823  6.07993
5.65547 5.38043 -0.558199 0.829707 1 0.322826 0 2.11707e-05 -7.47571e-06 3.19634  6.09734
5.67402 5.39291 -0.558013 0.829832 1 0.323575 0 2.12164e-05 -7.49168e-06 3.21038  6.11475
5.69258 5.40539 -0.557831 0.829955 1 0.324323 0 2.12622e-05 -7.50766e-06 3.22442  6.13215
5.71114 5.41786 -0.557653 0.830074 1 0.325071 0 2.13081e-05 -7.52367e-06 3.23846  6.14955
ZONE I=5
5.71114 5.41786 -0.557653 0.830074 1 0.325071 0 2.13081e-05 -7.52367e-06 3.23846  6.14955
5.7297 5.43033 -0.557479 0.830191 1 0.32582 0 2.13539e-05 -7.5397e-06 3.25251  6.16695
5.74826 5.44279 -0.55731 0.830305 1 0.326567 0 2.13999e-05 -7.55574e-06 3.26656  6.18434
5.76683 5.45525 -0.557144 0.830416 1 0.327315 0 2.14458e-05 -7.5718e-06 3.28062  6.20173
5.7854 5.46771 -0.556983 0.830524 1 0.328062 0 2.14919e-05 -7.58788e-06 3.29468  6.21912
ZONE I=5
5.7854 5.46771 -0.556983 0.830524 1 0.328062 0 2.14919e-05 -7.58788e-06 3.29468  6.21912
5.80397 5.48016 -0.556825 0.830629 1 0.328809 0 2.15379e-05 -7.60398e-06 3.30874  6.2365
5.82255 5.49261 -0.556672 0.830732 1 0.329556 0 2.1584e-05 -7.62009e-06 3.32281  6.25388
5.84113 5.50505 -0.556522 0.830833 1 0.330303 0 2.16302e-05 -7.63623e-06 3.33688  6.27126
5.8597 5.5175 -0.556376 0.83093 1 0.33105 0 2.16764e-05 -7.65238e-06 3.35095  6.28864
ZONE I=5
5.8597 5.5175 -0.556376 0.83093 1 0.33105 0 2.16764e-05 -7.65238e-06 3.35095  6.28864
5.87829 5.52994 -0.556234 0.831025 1 0.331796 0 2.17226e-05 -7.66855e-06 3.36502  6.30602
5.89687 5.54237 -0.556096 0.831118 1 0.332542 0 2.17689e-05 -7.68474e-06 3.3791  6.32339
5.91545 5.5548 -0.555961 0.831208 1 0.333288 0 2.18153e-05 -7.70095e-06 3.39318  6.34076
5.93404 5.56723 -0.55583 0.831296 1 0.334034 0 2.18617e-05 -7.71718e-06 3.40727  6.35813
ZONE I=5
5.93404 5.56723 -0.55583 0.831296 1 0.334034 0 2.18617e-05 -7.71718e-06 3.40727  6.35813
5.95263 5.57966 -0.555703 0.831381 1 0.33478 0 2.19081e-05 -7.73342e-06 3.42135  6.37549
5.97122 5.59209 -0.555579 0.831464 1 0.335525 0 2.19546e-05 -7.74969e-06 3.43544  6.39286
5.98982 5.60451 -0.555458 0.831544 1 0.336271 0 2.20011e-05 -7.76597e-06 3.44953  6.41022
6.00841 5.61693 -0.555341 0.831623 1 0.337016 0 2.20476e-05 -7.78227e-06 3.46363  6.42758
ZONE I=5
6.00841 5.61693 -0.555341 0.831623 1 0.337016 0 2.20476e-05 -7.78227e-06 3.46363  6.42758
6.02701 5.62934 -0.555228 0.831698 1 0.337761 0 2.20942e-05 -7.79859e-06 3.47773  6.44494
6.0456 5.64176 -0.555117 0.831772 1 0.338505 0 2.21409e-05 -7.81493e-06 3.49182  6.46229
6.0642 5.65417 -0.55501 0.831843 1 0.33925 0 2.21876e-05 -7.83128e-06 3.50593  6.47965
6.08281 5.66658 -0.554906 0.831913 1 0.339995 0 2.22343e-05 -7.84765e-06 3.52003  6.497
ZONE I=5
6.08281 5.66658 -0.554906 0.831913 1 0.339995 0 2.22343e-05 -7.84765e-06 3.52003  6.497
6.10141 5.67899 -0.554806 0.83198 1 0.340739 0 2.22811e-05 -7.86404e-06 3.53413  6.51435
6.12001 5.69139 -0.554708 0.832045 1 0.341483 0 2.23279e-05 -7.88045e-06 3.54824  6.5317
6.13862 5.70379 -0.554614 0.832108 1 0.342228 0 2.23748e-05 -7.89688e-06 3.56235  6.54904
6.15723 5.71619 -0.554523 0.832169 1 0.342972 0 2.24217e-05 -7.91332e-06 3.57646  6.56639
ZONE I=5
6.15723 5.71619 -0.554523 0.832169 1 0.342972 0 2.24217e-05 -7.91332e-06 3.57646  6.56639
6.17583 5.72859 -0.554434 0.832227 1 0.343716 0 2.24686e-05 -7.92978e-06 3.59058  6.58373
6.19444 5.74099 -0.554349 0.832284 1 0.344459 0 2.25156e-05 -7.94626e-06 3.60469  6.60108
6.21306 5.75338 -0.554266 0.832339 1 0.345203 0 2.25627e-05 -7.96276e-06 3.61881  6.61842
6.23167 5.76578 -0.554187 0.832392 1 0.345947 0 2.26097e-05 -7.97927e-06 3.63293  6.63576
ZONE I=5
6.23167 5.76578 -0.554187 0.832392 1 0.345947 0 2.26097e-05 -7.97927e-06 3.63293  6.63576
6.25028 5.77817 -0.55411 0.832444 1 0.34669 0 2.26568e-05 -7.9958e-06 3.64705  6.65309
6.2689 5.79056 -0.554036 0.832493 1 0.347433 0 2.2704e-05 -8.01235e-06 3.66117  6.67043
6.28751 5.80294 -0.553964 0.832541 1 0.348177 0 2.27512e-05 -8.02891e-06 3.67529  6.68777
6.30613 5.81533 -0.553895 0.832586 1 0.34892 0 2.27984e-05 -8.04549e-06 3.68942  6.7051
ZONE I=5
6.30613 5.81533 -0.553895 0.832586 1 0.34892 0 2.27984e-05 -8.04549e-06 3.68942  6.7051
6.32475 5.82772 -0.553829 0.83263 1 0.349663 0 2.28457e-05 -8.06209e-06 3.70354  6.72244
6.34336 5.8401 -0.553765 0.832673 1 0.350406 0 2.2893e-05 -8.0787e-06 3.71767  6.73977
6.36198 5.85248 -0.553704 0.832713 1 0.351149 0 2.29403e-05 -8.09533e-06 3.7318  6.7571
6.3806 5.86486 -0.553645 0.832753 1 0.351892 0 2.29877e-05 -8.11198e-06 3.74593  6.77443
ZONE I=5
6.3806 5.86486 -0.553645 0.832753 1 0.351892 0 2.29877e-05 -8.11198e-06 3.74593  6.77443
6.39923 5.87724 -0.553589 0.83279 1 0.352634 0 2.30352e-05 -8.12864e-06 3.76006  6.79176
6.41785 5.88962 -0.553535 0.832826 1 0.353377 0 2.30826e-05 -8.14531e-06 3.77419  6.80909
6.43647 5.902 -0.553483 0.83286 1 0.35412 0 2.31301e-05 -8.162e-06 3.78833  6.82641
6.45509 5.91437 -0.553434 0.832893 1 0.354862 0 2.31776e-05 -8.17871e-06 3.80246  6.84374
ZONE I=5
6.45509 5.91437 -0.553434 0.832893 1 0.354862 0 2.31776e-05 -8.17871e-06 3.80246  6.84374
6.47372 5.92675 -0.553387 0.832925 1 0.355605 0 2.32252e-05 -8.19543e-06 3.8166  6.86107
6.49234 5.93912 -0.553341 0.832954 1 0.356347 0 2.32728e-05 -8.21217e-06 3.83073  6.87839
6.51097 5.95149 -0.553298 0.832983 1 0.35709 0 2.33204e-05 -8.22892e-06 3.84487  6.89572
6.5296 5.96386 -0.553257 0.83301 1 0.357832 0 2.33681e-05 -8.24568e-06 3.85901  6.91304
ZONE I=5
6.5296 5.96386 -0.553257 0.83301 1 0.357832 0 2.33681e-05 -8.24568e-06 3.85901  6.91304
6.54822 5.97623 -0.553219 0.833036 1 0.358574 0 2.34158e-05 -8.26246e-06 3.87315  6.93036
6.56685 5.9886 -0.553181 0.833061 1 0.359316 0 2.34635e-05 -8.27925e-06 3.88729  6.94768
6.58548 6.00097 -0.553146 0.833084 1 0.360058 0 2.35113e-05 -8.29606e-06 3.90143  6.96501
6.60411 6.01334 -0.553113 0.833106 1 0.360801 0 2.35591e-05 -8.31288e-06 3.91557  6.98233
ZONE I=5
6.60411 6.01334 -0.553113 0.833106 1 0.360801 0 2.35591e-05 -8.31288e-06 3.91557  6.98233
6.62274 6.02571 -0.553082 0.833127 1 0.361543 0 2.36069e-05 -8.32971e-06 3.92971  6.99965
6.64137 6.03808 -0.553052 0.833147 1 0.362285 0 2.36548e-05 -8.34656e-06 3.94386  7.01697
6.66 6.05044 -0.553024 0.833165 1 0.363027 0 2.37026e-05 -8.36341e-06 3.958  7.03429
6.67863 6.06281 -0.552997 0.833183 1 0.363769 0 2.37506e-05 -8.38028e-06 3.97214  7.05161
ZONE I=5
6.67863 6.06281 -0.552997 0.833183 1 0.363769 0 2.37506e-05 -8.38028e-06 3.97214  7.05161
6.69726 6.07517 -0.552973 0.833199 1 0.36451 0 2.37985e-05 -8.39716e-06 3.98629  7.06893
6.71589 6.08754 -0.552949 0.833215 1 0.365252 0 2.38465e-05 -8.41405e-06 4.00043  7.08624
6.73452 6.0999 -0.552928 0.833229 1 0.365994 0 2.38945e-05 -8.43096e-06 4.01458  7.10356
6.75315 6.11227 -0.552907 0.833243 1 0.366736 0 2.39425e-05 -8.44787e-06 4.02872  7.12088
ZONE I=5
6.75315 6.11227 -0.552907 0.833243 1 0.366736 0 2.39425e-05 -8.44787e-06 4.02872  7.12088
6.77178 6.12463 -0.552888 0.833255 1 0.367478 0 2.39905e-05 -8.4648e-06 4.04287  7.1382
6.79042 6.13699 -0.552871 0.833267 1 0.36822 0 2.40386e-05 -8.48173e-06 4.05702  7.15551
6.80905 6.14935 -0.552855 0.833278 1 0.368961 0 2.40867e-05 -8.49868e-06 4.07116  7.17283
6.82768 6.16172 -0.55284 0.833288 1 0.369703 0 2.41348e-05 -8.51564e-06 4.08531  7.19015
ZONE I=5
6.82768 6.16172 -0.55284 0.833288 1 0.369703 0 2.41348e-05 -8.51564e-06 4.08531  7.19015
6.84631 6.17408 -0.552826 0.833297 1 0.370445 0 2.41829e-05 -8.5326e-06 4.09946  7.20746
6.86495 6.18644 -0.552813 0.833305 1 0.371186 0 2.42311e-05 -8.54957e-06 4.11361  7.22478
6.88358 6.1988 -0.552802 0.833313 1 0.371928 0 2.42793e-05 -8.56656e-06 4.12776  7.24209
6.90221 6.21116 -0.552791 0.83332 1 0.37267 0 2.43275e-05 -8.58355e-06 4.1419  7.25941
ZONE I=5
6.90221 6.21116 -0.552791 0.83332 1 0.37267 0 2.43275e-05 -8.58355e-06 4.1419  7.25941
6.92085 6.22352 -0.552782 0.833326 1 0.373411 0 2.43757e-05 -8.60055e-06 4.15605  7.27672
6.93948 6.23588 -0.552773 0.833332 1 0.374153 0 2.44239e-05 -8.61755e-06 4.1702  7.29404
6.95812 6.24824 -0.552765 0.833337 1 0.374895 0 2.44722e-05 -8.63457e-06 4.18435  7.31135
6.97675 6.2606 -0.552759 0.833341 1 0.375636 0 2.45204e-05 -8.65159e-06 4.1985  7.32867
ZONE I=5
6.97675 6.2606 -0.552759 0.833341 1 0.375636 0 2.45204e-05 -8.65159e-06 4.1985  7.32867
6.99538 6.27296 -0.552753 0.833345 1 0.376378 0 2.45687e-05 -8.66862e-06 4.21265  7.34598
7.01402 6.28532 -0.552747 0.833349 1 0.377119 0 2.4617e-05 -8.68565e-06 4.2268  7.3633
7.03265 6.29768 -0.552743 0.833352 1 0.377861 0 2.46653e-05 -8.70269e-06 4.24095  7.38061
7.05129 6.31004 -0.552739 0.833354 1 0.378603 0 2.47137e-05 -8.71974e-06 4.2551  7.39793
ZONE I=5
7.05129 6.31004 -0.552739 0.833354 1 0.378603 0 2.47137e-05 -8.71974e-06 4.2551  7.39793
7.06992 6.3224 -0.552736 0.833357 1 0.379344 0 2.4762e-05 -8.73679e-06 4.26925  7.41524
7.08855 6.33476 -0.552733 0.833358 1 0.380086 0 2.48104e-05 -8.75384e-06 4.2834  7.43256
7.10719 6.34712 -0.552731 0.83336 1 0.380827 0 2.48587e-05 -8.7709e-06 4.29755  7.44987
7.12582 6.35948 -0.552729 0.833361 1 0.381569 0 2.49071e-05 -8.78796e-06 4.3117  7.46718
ZONE I=5
7.12582 6.35948 -0.552729 0.833361 1 0.381569 0 2.49071e-05 -8.78796e-06 4.3117  7.46718
7.14446 6.37184 -0.552727 0.833362 1 0.38231 0 2.49555e-05 -8.80503e-06 4.32585  7.4845
7.16309 6.3842 -0.552726 0.833363 1 0.383052 0 2.50038e-05 -8.8221e-06 4.34  7.50181
7.18173 6.39656 -0.552726 0.833363 1 0.383793 0 2.50522e-05 -8.83917e-06 4.35414  7.51913
7.20036 6.40892 -0.552725 0.833364 1 0.384535 0 2.51006e-05 -8.85625e-06 4.36829  7.53644
ZONE I=5
7.20036 6.40892 -0.552725 0.833364 1 0.384535 0 2.51006e-05 -8.85625e-06 4.36829  7.53644
7.219 6.42128 -0.552725 0.833364 1 0.385277 0 2.5149e-05 -8.87332e-06 4.38244  7.55376
7.23763 6.43364 -0.552725 0.833364 1 0.386018 0 2.51974e-05 -8.8904e-06 4.39659  7.57107
7.25627 6.446 -0.552725 0.833364 1 0.38676 0 2.52458e-05 -8.90748e-06 4.41074  7.58838
7.2749 6.45835 -0.552725 0.833364 1 0.387501 0 2.52942e-05 -8.92456e-06 4.42489  7.6057
