ZONE I=5
0.8 0.5 -0.936315 0.351162 1 0.04 0 3.75337e-06 -6.57597e-07 0  0
0.807645 0.520168 -0.933895 0.357547 1 0.0416134 0 3.89535e-06 -6.9476e-07 0.0013433  0.0215259
0.815688 0.540979 -0.93165 0.363356 1 0.0432783 0 4.04214e-06 -7.32531e-07 0.00287707  0.043785
0.823958 0.561995 -0.929432 0.368994 1 0.0449596 0 4.18988e-06 -7.70956e-07 0.00456698  0.0663061
0.832282 0.582775 -0.927097 0.374821 1 0.046622 0 4.3347e-06 -8.10048e-07 0.00637869  0.0886185
ZONE I=5
0.832282 0.582775 -0.927097 0.374821 1 0.046622 0 4.3347e-06 -8.10048e-07 0.00637869  0.0886185
0.840675 0.603347 -0.924724 0.380638 1 0.0482678 0 4.47712e-06 -8.49477e-07 0.00831724  0.110752
0.849244 0.623982 -0.92236 0.386332 1 0.0499186 0 4.61933e-06 -8.89391e-07 0.010405  0.132997
0.857956 0.644606 -0.91998 0.391965 1 0.0515685 0 4.76071e-06 -9.29779e-07 0.0126336  0.155274
0.866781 0.665144 -0.91756 0.397598 1 0.0532115 0 4.90056e-06 -9.70631e-07 0.0149949  0.177503
ZONE I=5
0.866781 0.665144 -0.91756 0.397598 1 0.0532115 0 4.90056e-06 -9.70631e-07 0.0149949  0.177503
0.87572 0.685602 -0.915114 0.403196 1 0.0548482 0 5.03899e-06 -1.01187e-06 0.0174892  0.199689
0.884793 0.706025 -0.91265 0.408742 1 0.056482 0 5.17638e-06 -1.0535e-06 0.020121  0.221881
0.893992 0.726399 -0.910165 0.414245 1 0.0581119 0 5.3126e-06 -1.0955e-06 0.022888  0.244064
0.903311 0.746713 -0.907656 0.419716 1 0.059737 0 5.44753e-06 -1.13786e-06 0.025788  0.266224
ZONE I=5
0.903311 0.746713 -0.907656 0.419716 1 0.059737 0 5.44753e-06 -1.13786e-06 0.025788  0.266224
0.91275 0.766965 -0.905124 0.425148 1 0.0613572 0 5.5812e-06 -1.18055e-06 0.0288203  0.288362
0.922311 0.787165 -0.902572 0.43054 1 0.0629732 0 5.71367e-06 -1.22355e-06 0.0319856  0.310484
0.931994 0.807308 -0.899999 0.435891 1 0.0645846 0 5.84491e-06 -1.26683e-06 0.0352826  0.332589
0.941795 0.827393 -0.897406 0.441205 1 0.0661914 0 5.9749e-06 -1.31039e-06 0.0387104  0.354674
ZONE I=5
0.941795 0.827393 -0.897406 0.441205 1 0.0661914 0 5.9749e-06 -1.31039e-06 0.0387104  0.354674
0.951714 0.847419 -0.894794 0.44648 1 0.0677935 0 6.10364e-06 -1.3542e-06 0.0422683  0.376736
0.961751 0.867387 -0.892162 0.451716 1 0.069391 0 6.23115e-06 -1.39824e-06 0.0459559  0.398779
0.971904 0.887296 -0.889512 0.456912 1 0.0709837 0 6.35741e-06 -1.44249e-06 0.0497723  0.420799
0.982173 0.907146 -0.886843 0.46207 1 0.0725717 0 6.48244e-06 -1.48694e-06 0.0537168  0.442798
ZONE I=5
0.982173 0.907146 -0.886843 0.46207 1 0.0725717 0 6.48244e-06 -1.48694e-06 0.0537168  0.442798
0.992557 0.926936 -0.884157 0.467189 1 0.0741549 0 6.60622e-06 -1.53155e-06 0.0577887  0.464772
1.00306 0.946666 -0.881454 0.472269 1 0.0757333 0 6.72876e-06 -1.57633e-06 0.0619873  0.486723
1.01367 0.966336 -0.878735 0.47731 1 0.0773069 0 6.85006e-06 -1.62124e-06 0.0663119  0.50865
1.02439 0.985944 -0.875999 0.482313 1 0.0788755 0 6.97013e-06 -1.66627e-06 0.0707618  0.530552
ZONE I=5
1.02439 0.985944 -0.875999 0.482313 1 0.0788755 0 6.97013e-06 -1.66627e-06 0.0707618  0.530552
1.03523 1.00549 -0.873248 0.487277 1 0.0804393 0 7.08896e-06 -1.7114e-06 0.0753362  0.552428
1.04617 1.02498 -0.870481 0.492202 1 0.0819982 0 7.20657e-06 -1.75662e-06 0.0800344  0.574278
1.05723 1.0444 -0.8677 0.497088 1 0.0835521 0 7.32294e-06 -1.8019e-06 0.0848557  0.596102
1.06839 1.06376 -0.864905 0.501936 1 0.085101 0 7.43809e-06 -1.84723e-06 0.0897993  0.617898
ZONE I=5
1.06839 1.06376 -0.864905 0.501936 1 0.085101 0 7.43809e-06 -1.84723e-06 0.0897993  0.617898
1.07966 1.08306 -0.862096 0.506745 1 0.086645 0 7.55202e-06 -1.8926e-06 0.0948646  0.639666
1.09104 1.1023 -0.859274 0.511516 1 0.0881839 0 7.66473e-06 -1.93798e-06 0.100051  0.661406
1.10253 1.12147 -0.856439 0.516249 1 0.0897177 0 7.77623e-06 -1.98337e-06 0.105357  0.683117
1.11412 1.14058 -0.853591 0.520943 1 0.0912465 0 7.88652e-06 -2.02874e-06 0.110783  0.704799
ZONE I=5
1.11412 1.14058 -0.853591 0.520943 1 0.0912465 0 7.88652e-06 -2.02874e-06 0.110783  0.704799
1.12581 1.15963 -0.850732 0.525599 1 0.0927702 0 7.99561e-06 -2.07408e-06 0.116327  0.72645
1.13761 1.17861 -0.847862 0.530217 1 0.0942887 0 8.1035e-06 -2.11938e-06 0.12199  0.748071
1.14951 1.19753 -0.844981 0.534797 1 0.0958022 0 8.21021e-06 -2.16462e-06 0.127769  0.769661
1.16152 1.21638 -0.842089 0.539339 1 0.0973105 0 8.31573e-06 -2.20978e-06 0.133665  0.79122
ZONE I=5
1.16152 1.21638 -0.842089 0.539339 1 0.0973105 0 8.31573e-06 -2.20978e-06 0.133665  0.79122
1.17362 1.23517 -0.839187 0.543844 1 0.0988136 0 8.42007e-06 -2.25486e-06 0.139677  0.812747
1.18583 1.25389 -0.836275 0.54831 1 0.100311 0 8.52324e-06 -2.29983e-06 0.145804  0.834242
1.19813 1.27255 -0.833354 0.552739 1 0.101804 0 8.62525e-06 -2.34469e-06 0.152045  0.855704
1.21054 1.29115 -0.830425 0.557131 1 0.103292 0 8.72611e-06 -2.38942e-06 0.1584  0.877132
ZONE I=5
1.21054 1.29115 -0.830425 0.557131 1 0.103292 0 8.72611e-06 -2.38942e-06 0.1584  0.877132
1.22304 1.30967 -0.827487 0.561485 1 0.104774 0 8.82581e-06 -2.43401e-06 0.164867  0.898527
1.23563 1.32814 -0.824541 0.565802 1 0.106251 0 8.92437e-06 -2.47845e-06 0.171447  0.919888
1.24833 1.34653 -0.821588 0.570082 1 0.107723 0 9.0218e-06 -2.52272e-06 0.178138  0.941214
1.26112 1.36486 -0.818627 0.574325 1 0.109189 0 9.11811e-06 -2.56681e-06 0.184939  0.962505
ZONE I=5
1.26112 1.36486 -0.818627 0.574325 1 0.109189 0 9.11811e-06 -2.56681e-06 0.184939  0.962505
1.274 1.38313 -0.81566 0.578532 1 0.11065 0 9.2133e-06 -2.61071e-06 0.19185  0.983761
1.28698 1.40133 -0.812687 0.582701 1 0.112106 0 9.30738e-06 -2.65441e-06 0.19887  1.00498
1.30005 1.41946 -0.809707 0.586834 1 0.113557 0 9.40036e-06 -2.6979e-06 0.205999  1.02617
1.31321 1.43752 -0.806722 0.590931 1 0.115002 0 9.49225e-06 -2.74116e-06 0.213235  1.04731
ZONE I=5
1.31321 1.43752 -0.806722 0.590931 1 0.115002 0 9.49225e-06 -2.74116e-06 0.213235  1.04731
1.32647 1.45552 -0.803733 0.594991 1 0.116442 0 9.58306e-06 -2.7842e-06 0.220578  1.06843
1.33981 1.47345 -0.800738 0.599015 1 0.117876 0 9.67281e-06 -2.82699e-06 0.228027  1.0895
1.35325 1.49132 -0.797739 0.603003 1 0.119305 0 9.76149e-06 -2.86953e-06 0.235582  1.11054
1.36677 1.50911 -0.794736 0.606955 1 0.120729 0 9.84911e-06 -2.9118e-06 0.243241  1.13153
ZONE I=5
1.36677 1.50911 -0.794736 0.606955 1 0.120729 0 9.84911e-06 -2.9118e-06 0.243241  1.13153
1.38038 1.52684 -0.791729 0.610872 1 0.122148 0 9.9357e-06 -2.9538e-06 0.251004  1.1525
1.39408 1.54451 -0.78872 0.614753 1 0.123561 0 1.00213e-05 -2.99553e-06 0.25887  1.17342
1.40786 1.5621 -0.785707 0.618599 1 0.124968 0 1.01058e-05 -3.03696e-06 0.266838  1.1943
1.42173 1.57963 -0.782692 0.62241 1 0.126371 0 1.01893e-05 -3.0781e-06 0.274909  1.21515
ZONE I=5
1.42173 1.57963 -0.782692 0.62241 1 0.126371 0 1.01893e-05 -3.0781e-06 0.274909  1.21515
1.43569 1.59709 -0.779674 0.626185 1 0.127768 0 1.02718e-05 -3.11894e-06 0.28308  1.23595
1.44972 1.61449 -0.776655 0.629926 1 0.129159 0 1.03533e-05 -3.15946e-06 0.291351  1.25672
1.46385 1.63181 -0.773634 0.633632 1 0.130545 0 1.04339e-05 -3.19966e-06 0.299722  1.27744
1.47805 1.64907 -0.770612 0.637304 1 0.131926 0 1.05135e-05 -3.23954e-06 0.308192  1.29813
ZONE I=5
1.47805 1.64907 -0.770612 0.637304 1 0.131926 0 1.05135e-05 -3.23954e-06 0.308192  1.29813
1.49234 1.66627 -0.76759 0.640941 1 0.133301 0 1.05921e-05 -3.27908e-06 0.31676  1.31878
1.5067 1.68339 -0.764567 0.644545 1 0.134671 0 1.06697e-05 -3.31828e-06 0.325425  1.33938
1.52115 1.70045 -0.761543 0.648114 1 0.136036 0 1.07465e-05 -3.35714e-06 0.334186  1.35994
1.53568 1.71744 -0.75852 0.651649 1 0.137395 0 1.08223e-05 -3.39564e-06 0.343044  1.38047
ZONE I=5
1.53568 1.71744 -0.75852 0.651649 1 0.137395 0 1.08223e-05 -3.39564e-06 0.343044  1.38047
1.55028 1.73436 -0.755498 0.655151 1 0.138749 0 1.08971e-05 -3.43379e-06 0.351997  1.40095
1.56497 1.75121 -0.752476 0.65862 1 0.140097 0 1.09711e-05 -3.47157e-06 0.361044  1.42139
1.57973 1.768 -0.749455 0.662055 1 0.14144 0 1.10442e-05 -3.50898e-06 0.370184  1.44179
1.59457 1.78472 -0.746436 0.665457 1 0.142777 0 1.11164e-05 -3.54603e-06 0.379418  1.46215
ZONE I=5
1.59457 1.78472 -0.746436 0.665457 1 0.142777 0 1.11164e-05 -3.54603e-06 0.379418  1.46215
1.60948 1.80137 -0.743418 0.668827 1 0.144109 0 1.11877e-05 -3.58269e-06 0.388744  1.48246
1.62447 1.81795 -0.740403 0.672164 1 0.145436 0 1.12582e-05 -3.61897e-06 0.398162  1.50273
1.63953 1.83447 -0.737389 0.675468 1 0.146758 0 1.13278e-05 -3.65487e-06 0.40767  1.52297
1.65467 1.85092 -0.734379 0.67874 1 0.148074 0 1.13966e-05 -3.69038e-06 0.417269  1.54315
ZONE I=5
1.65467 1.85092 -0.734379 0.67874 1 0.148074 0 1.13966e-05 -3.69038e-06 0.417269  1.54315
1.66987 1.8673 -0.731371 0.68198 1 0.149384 0 1.14645e-05 -3.72549e-06 0.426957  1.5633
1.68515 1.88362 -0.728366 0.685188 1 0.150689 0 1.15316e-05 -3.76021e-06 0.436734  1.5834
1.70051 1.89987 -0.725365 0.688365 1 0.151989 0 1.1598e-05 -3.79453e-06 0.446599  1.60346
1.71593 1.91605 -0.722367 0.69151 1 0.153284 0 1.16635e-05 -3.82845e-06 0.456551  1.62348
ZONE I=5
1.71593 1.91605 -0.722367 0.69151 1 0.153284 0 1.16635e-05 -3.82845e-06 0.456551  1.62348
1.73142 1.93216 -0.719374 0.694623 1 0.154573 0 1.17282e-05 -3.86196e-06 0.46659  1.64345
1.74699 1.94821 -0.716384 0.697706 1 0.155857 0 1.17922e-05 -3.89506e-06 0.476715  1.66338
1.76262 1.96419 -0.713399 0.700758 1 0.157135 0 1.18554e-05 -3.92775e-06 0.486925  1.68327
1.77832 1.9801 -0.710419 0.703779 1 0.158408 0 1.19178e-05 -3.96003e-06 0.497219  1.70311
ZONE I=5
1.77832 1.9801 -0.710419 0.703779 1 0.158408 0 1.19178e-05 -3.96003e-06 0.497219  1.70311
1.79408 1.99595 -0.707444 0.70677 1 0.159676 0 1.19795e-05 -3.9919e-06 0.507598  1.72291
1.80991 2.01173 -0.704474 0.70973 1 0.160939 0 1.20405e-05 -4.02336e-06 0.51806  1.74266
1.82581 2.02745 -0.701509 0.71266 1 0.162196 0 1.21007e-05 -4.05439e-06 0.528604  1.76238
1.84178 2.0431 -0.69855 0.715561 1 0.163448 0 1.21603e-05 -4.08501e-06 0.53923  1.78204
ZONE I=5
1.84178 2.0431 -0.69855 0.715561 1 0.163448 0 1.21603e-05 -4.08501e-06 0.53923  1.78204
1.8578 2.05868 -0.695598 0.718432 1 0.164694 0 1.22191e-05 -4.11521e-06 0.549938  1.80167
1.8739 2.0742 -0.692651 0.721273 1 0.165936 0 1.22773e-05 -4.145e-06 0.560726  1.82125
1.89005 2.08965 -0.68971 0.724085 1 0.167172 0 1.23348e-05 -4.17436e-06 0.571593  1.84078
1.90627 2.10503 -0.686777 0.726868 1 0.168403 0 1.23916e-05 -4.2033e-06 0.58254  1.86027
ZONE I=5
1.90627 2.10503 -0.686777 0.726868 1 0.168403 0 1.23916e-05 -4.2033e-06 0.58254  1.86027
1.92255 2.12035 -0.68385 0.729623 1 0.169628 0 1.24478e-05 -4.23182e-06 0.593566  1.87972
1.93889 2.13561 -0.68093 0.732349 1 0.170849 0 1.25033e-05 -4.25993e-06 0.604669  1.89912
1.95529 2.1508 -0.678017 0.735046 1 0.172064 0 1.25582e-05 -4.28761e-06 0.61585  1.91848
1.97176 2.16592 -0.675112 0.737715 1 0.173274 0 1.26124e-05 -4.31487e-06 0.627107  1.9378
ZONE I=5
1.97176 2.16592 -0.675112 0.737715 1 0.173274 0 1.26124e-05 -4.31487e-06 0.627107  1.9378
1.98828 2.18098 -0.672215 0.740356 1 0.174479 0 1.2666e-05 -4.34171e-06 0.63844  1.95707
2.00486 2.19598 -0.669325 0.74297 1 0.175678 0 1.27191e-05 -4.36814e-06 0.649848  1.97629
2.0215 2.21091 -0.666443 0.745556 1 0.176873 0 1.27715e-05 -4.39414e-06 0.661331  1.99547
2.03819 2.22578 -0.66357 0.748114 1 0.178062 0 1.28234e-05 -4.41973e-06 0.672888  2.01461
ZONE I=5
2.03819 2.22578 -0.66357 0.748114 1 0.178062 0 1.28234e-05 -4.41973e-06 0.672888  2.01461
2.05494 2.24058 -0.660705 0.750646 1 0.179246 0 1.28746e-05 -4.44491e-06 0.684518  2.0337
2.07175 2.25532 -0.657849 0.75315 1 0.180425 0 1.29254e-05 -4.46967e-06 0.696221  2.05275
2.08862 2.26999 -0.655001 0.755628 1 0.181599 0 1.29755e-05 -4.49401e-06 0.707996  2.07175
2.10554 2.2846 -0.652163 0.758079 1 0.182768 0 1.30251e-05 -4.51795e-06 0.719842  2.09071
ZONE I=5
2.10554 2.2846 -0.652163 0.758079 1 0.182768 0 1.30251e-05 -4.51795e-06 0.719842  2.09071
2.12251 2.29915 -0.649333 0.760504 1 0.183932 0 1.30742e-05 -4.54147e-06 0.73176  2.10962
2.13954 2.31364 -0.646513 0.762903 1 0.185091 0 1.31228e-05 -4.56459e-06 0.743747  2.12849
2.15662 2.32806 -0.643703 0.765276 1 0.186245 0 1.31708e-05 -4.5873e-06 0.755804  2.14732
2.17376 2.34242 -0.640902 0.767623 1 0.187393 0 1.32183e-05 -4.60961e-06 0.76793  2.1661
ZONE I=5
2.17376 2.34242 -0.640902 0.767623 1 0.187393 0 1.32183e-05 -4.60961e-06 0.76793  2.1661
2.19095 2.35671 -0.63811 0.769945 1 0.188537 0 1.32653e-05 -4.63151e-06 0.780125  2.18484
2.20818 2.37095 -0.635329 0.772241 1 0.189676 0 1.33119e-05 -4.65301e-06 0.792387  2.20353
2.22547 2.38512 -0.632558 0.774513 1 0.19081 0 1.33579e-05 -4.67412e-06 0.804716  2.22218
2.24281 2.39923 -0.629797 0.776759 1 0.191939 0 1.34035e-05 -4.69483e-06 0.817112  2.24079
ZONE I=5
2.24281 2.39923 -0.629797 0.776759 1 0.191939 0 1.34035e-05 -4.69483e-06 0.817112  2.24079
2.26021 2.41328 -0.627047 0.778981 1 0.193063 0 1.34486e-05 -4.71515e-06 0.829574  2.25935
2.27764 2.42727 -0.624307 0.781179 1 0.194182 0 1.34933e-05 -4.73508e-06 0.842101  2.27786
2.29513 2.4412 -0.621578 0.783352 1 0.195296 0 1.35375e-05 -4.75462e-06 0.854693  2.29634
2.31267 2.45506 -0.61886 0.785502 1 0.196405 0 1.35813e-05 -4.77377e-06 0.867349  2.31477
ZONE I=5
2.31267 2.45506 -0.61886 0.785502 1 0.196405 0 1.35813e-05 -4.77377e-06 0.867349  2.31477
2.33026 2.46887 -0.616152 0.787627 1 0.197509 0 1.36246e-05 -4.79255e-06 0.880069  2.33315
2.34789 2.48261 -0.613456 0.789729 1 0.198609 0 1.36676e-05 -4.81095e-06 0.892852  2.35149
2.36557 2.4963 -0.610771 0.791807 1 0.199704 0 1.37101e-05 -4.82897e-06 0.905697  2.36979
2.38329 2.50992 -0.608097 0.793862 1 0.200794 0 1.37522e-05 -4.84662e-06 0.918604  2.38805
ZONE I=5
2.38329 2.50992 -0.608097 0.793862 1 0.200794 0 1.37522e-05 -4.84662e-06 0.918604  2.38805
2.40106 2.52349 -0.605435 0.795895 1 0.201879 0 1.37939e-05 -4.8639e-06 0.931572  2.40626
2.41888 2.53699 -0.602784 0.797904 1 0.202959 0 1.38352e-05 -4.88081e-06 0.944601  2.42443
2.43674 2.55044 -0.600146 0.799891 1 0.204035 0 1.38762e-05 -4.89736e-06 0.957691  2.44255
2.45464 2.56383 -0.597518 0.801855 1 0.205106 0 1.39167e-05 -4.91356e-06 0.97084  2.46063
ZONE I=5
2.45464 2.56383 -0.597518 0.801855 1 0.205106 0 1.39167e-05 -4.91356e-06 0.97084  2.46063
2.47259 2.57716 -0.594903 0.803797 1 0.206173 0 1.3957e-05 -4.9294e-06 0.984048  2.47867
2.49059 2.59043 -0.5923 0.805717 1 0.207234 0 1.39968e-05 -4.94489e-06 0.997314  2.49667
2.50862 2.60364 -0.589709 0.807616 1 0.208291 0 1.40363e-05 -4.96002e-06 1.01064  2.51462
2.5267 2.6168 -0.58713 0.809492 1 0.209344 0 1.40755e-05 -4.97482e-06 1.02402  2.53253
ZONE I=5
2.5267 2.6168 -0.58713 0.809492 1 0.209344 0 1.40755e-05 -4.97482e-06 1.02402  2.53253
2.54482 2.6299 -0.584564 0.811348 1 0.210392 0 1.41143e-05 -4.98927e-06 1.03746  2.5504
2.56298 2.64294 -0.58201 0.813182 1 0.211435 0 1.41528e-05 -5.00339e-06 1.05095  2.56822
2.58118 2.65592 -0.579468 0.814995 1 0.212474 0 1.41909e-05 -5.01718e-06 1.06451  2.586
2.59942 2.66885 -0.576939 0.816787 1 0.213508 0 1.42288e-05 -5.03063e-06 1.07811  2.60374
ZONE I=5
2.59942 2.66885 -0.576939 0.816787 1 0.213508 0 1.42288e-05 -5.03063e-06 1.07811  2.60374
2.6177 2.68172 -0.574423 0.818559 1 0.214537 0 1.42663e-05 -5.04376e-06 1.09177  2.62144
2.63602 2.69453 -0.57192 0.82031 1 0.215563 0 1.43036e-05 -5.05657e-06 1.10549  2.6391
2.65438 2.70729 -0.569429 0.82204 1 0.216583 0 1.43405e-05 -5.06906e-06 1.11926  2.65671
2.67278 2.71999 -0.566952 0.823751 1 0.2176 0 1.43772e-05 -5.08124e-06 1.13308  2.67428
ZONE I=5
2.67278 2.71999 -0.566952 0.823751 1 0.2176 0 1.43772e-05 -5.08124e-06 1.13308  2.67428
2.69121 2.73264 -0.564487 0.825442 1 0.218611 0 1.44135e-05 -5.09311e-06 1.14695  2.69182
2.70969 2.74524 -0.562035 0.827113 1 0.219619 0 1.44496e-05 -5.10468e-06 1.16088  2.70931
2.7282 2.75777 -0.559597 0.828765 1 0.220622 0 1.44855e-05 -5.11594e-06 1.17486  2.72676
2.74675 2.77026 -0.557172 0.830397 1 0.221621 0 1.4521e-05 -5.12691e-06 1.18889  2.74416
ZONE I=5
2.74675 2.77026 -0.557172 0.830397 1 0.221621 0 1.4521e-05 -5.12691e-06 1.18889  2.74416
2.76533 2.78269 -0.55476 0.83201 1 0.222615 0 1.45563e-05 -5.13758e-06 1.20297  2.76153
2.78395 2.79506 -0.552362 0.833604 1 0.223605 0 1.45914e-05 -5.14797e-06 1.2171  2.77886
2.8026 2.80739 -0.549977 0.83518 1 0.224591 0 1.46262e-05 -5.15807e-06 1.23128  2.79614
2.82129 2.81966 -0.547606 0.836737 1 0.225573 0 1.46608e-05 -5.16789e-06 1.24551  2.81339
ZONE I=5
2.82129 2.81966 -0.547606 0.836737 1 0.225573 0 1.46608e-05 -5.16789e-06 1.24551  2.81339
2.84002 2.83187 -0.545248 0.838275 1 0.22655 0 1.46951e-05 -5.17743e-06 1.25979  2.83059
2.85878 2.84404 -0.542904 0.839795 1 0.227523 0 1.47292e-05 -5.1867e-06 1.27412  2.84776
2.87757 2.85615 -0.540573 0.841297 1 0.228492 0 1.47631e-05 -5.19571e-06 1.28849  2.86488
2.8964 2.86821 -0.538256 0.842781 1 0.229457 0 1.47968e-05 -5.20445e-06 1.30291  2.88197
ZONE I=5
2.8964 2.86821 -0.538256 0.842781 1 0.229457 0 1.47968e-05 -5.20445e-06 1.30291  2.88197
2.91526 2.88022 -0.535953 0.844248 1 0.230418 0 1.48302e-05 -5.21293e-06 1.31738  2.89901
2.93415 2.89218 -0.533664 0.845697 1 0.231374 0 1.48634e-05 -5.22116e-06 1.33189  2.91602
2.95307 2.90408 -0.531388 0.847128 1 0.232327 0 1.48965e-05 -5.22914e-06 1.34645  2.93298
2.97203 2.91594 -0.529127 0.848543 1 0.233275 0 1.49293e-05 -5.23687e-06 1.36106  2.94991
ZONE I=5
2.97203 2.91594 -0.529127 0.848543 1 0.233275 0 1.49293e-05 -5.23687e-06 1.36106  2.94991
2.99102 2.92774 -0.526879 0.84994 1 0.23422 0 1.4962e-05 -5.24436e-06 1.37571  2.9668
3.01004 2.9395 -0.524646 0.851321 1 0.23516 0 1.49944e-05 -5.25161e-06 1.39041  2.98365
3.02909 2.9512 -0.522426 0.852685 1 0.236096 0 1.50267e-05 -5.25863e-06 1.40515  3.00046
3.04816 2.96286 -0.520221 0.854032 1 0.237029 0 1.50588e-05 -5.26542e-06 1.41993  3.01724
ZONE I=5
3.04816 2.96286 -0.520221 0.854032 1 0.237029 0 1.50588e-05 -5.26542e-06 1.41993  3.01724
3.06727 2.97447 -0.518029 0.855363 1 0.237957 0 1.50907e-05 -5.27198e-06 1.43476  3.03397
3.08641 2.98602 -0.515852 0.856678 1 0.238882 0 1.51225e-05 -5.27832e-06 1.44962  3.05067
3.10558 2.99753 -0.513689 0.857977 1 0.239803 0 1.5154e-05 -5.28445e-06 1.46454  3.06733
3.12478 3.009 -0.51154 0.85926 1 0.24072 0 1.51855e-05 -5.29036e-06 1.47949  3.08395
ZONE I=5
3.12478 3.009 -0.51154 0.85926 1 0.24072 0 1.51855e-05 -5.29036e-06 1.47949  3.08395
3.14401 3.02041 -0.509405 0.860527 1 0.241633 0 1.52167e-05 -5.29607e-06 1.49448  3.10054
3.16326 3.03177 -0.507285 0.861779 1 0.242542 0 1.52479e-05 -5.30157e-06 1.50952  3.11709
3.18254 3.04309 -0.505178 0.863015 1 0.243447 0 1.52788e-05 -5.30687e-06 1.52459  3.1336
3.20185 3.05437 -0.503086 0.864236 1 0.244349 0 1.53096e-05 -5.31197e-06 1.53971  3.15007
ZONE I=5
3.20185 3.05437 -0.503086 0.864236 1 0.244349 0 1.53096e-05 -5.31197e-06 1.53971  3.15007
3.22119 3.06559 -0.501009 0.865442 1 0.245247 0 1.53403e-05 -5.31689e-06 1.55487  3.16651
3.24055 3.07677 -0.498945 0.866633 1 0.246142 0 1.53709e-05 -5.32161e-06 1.57006  3.18291
3.25994 3.0879 -0.496896 0.86781 1 0.247032 0 1.54013e-05 -5.32616e-06 1.58529  3.19928
3.27936 3.09899 -0.494862 0.868972 1 0.247919 0 1.54316e-05 -5.33052e-06 1.60057  3.21561
ZONE I=5
3.27936 3.09899 -0.494862 0.868972 1 0.247919 0 1.54316e-05 -5.33052e-06 1.60057  3.21561
3.2988 3.11003 -0.492841 0.870119 1 0.248802 0 1.54617e-05 -5.33471e-06 1.61588  3.2319
3.31827 3.12103 -0.490835 0.871252 1 0.249682 0 1.54918e-05 -5.33872e-06 1.63123  3.24816
3.33776 3.13198 -0.488844 0.872371 1 0.250558 0 1.55217e-05 -5.34257e-06 1.64661  3.26439
3.35728 3.14289 -0.486866 0.873476 1 0.251431 0 1.55515e-05 -5.34626e-06 1.66203  3.28057
ZONE I=5
3.35728 3.14289 -0.486866 0.873476 1 0.251431 0 1.55515e-05 -5.34626e-06 1.66203  3.28057
3.37682 3.15375 -0.484904 0.874568 1 0.2523 0 1.55812e-05 -5.34978e-06 1.67749  3.29673
3.39639 3.16457 -0.482955 0.875645 1 0.253166 0 1.56108e-05 -5.35316e-06 1.69299  3.31285
3.41598 3.17535 -0.481021 0.876709 1 0.254028 0 1.56403e-05 -5.35638e-06 1.70852  3.32893
3.43559 3.18608 -0.479101 0.87776 1 0.254887 0 1.56696e-05 -5.35945e-06 1.72408  3.34498
ZONE I=5
3.43559 3.18608 -0.479101 0.87776 1 0.254887 0 1.56696e-05 -5.35945e-06 1.72408  3.34498
3.45523 3.19677 -0.477196 0.878797 1 0.255742 0 1.56989e-05 -5.36238e-06 1.73969  3.361
3.47489 3.20742 -0.475305 0.879821 1 0.256594 0 1.57281e-05 -5.36516e-06 1.75532  3.37698
3.49457 3.21803 -0.473429 0.880832 1 0.257442 0 1.57572e-05 -5.36782e-06 1.77099  3.39293
3.51428 3.22859 -0.471567 0.88183 1 0.258287 0 1.57862e-05 -5.37034e-06 1.78669  3.40885
ZONE I=5
3.51428 3.22859 -0.471567 0.88183 1 0.258287 0 1.57862e-05 -5.37034e-06 1.78669  3.40885
3.53401 3.23912 -0.469719 0.882816 1 0.259129 0 1.58151e-05 -5.37273e-06 1.80243  3.42473
3.55376 3.2496 -0.467886 0.883789 1 0.259968 0 1.5844e-05 -5.37499e-06 1.8182  3.44058
3.57353 3.26004 -0.466067 0.88475 1 0.260803 0 1.58727e-05 -5.37714e-06 1.834  3.4564
3.59332 3.27044 -0.464262 0.885698 1 0.261635 0 1.59014e-05 -5.37917e-06 1.84984  3.47218
ZONE I=5
3.59332 3.27044 -0.464262 0.885698 1 0.261635 0 1.59014e-05 -5.37917e-06 1.84984  3.47218
3.61313 3.2808 -0.462472 0.886634 1 0.262464 0 1.593e-05 -5.38108e-06 1.86571  3.48794
3.63297 3.29112 -0.460696 0.887558 1 0.26329 0 1.59585e-05 -5.38288e-06 1.88161  3.50366
3.65282 3.3014 -0.458934 0.88847 1 0.264112 0 1.5987e-05 -5.38458e-06 1.89754  3.51935
3.6727 3.31164 -0.457187 0.889371 1 0.264932 0 1.60154e-05 -5.38617e-06 1.9135  3.53501
ZONE I=5
3.6727 3.31164 -0.457187 0.889371 1 0.264932 0 1.60154e-05 -5.38617e-06 1.9135  3.53501
3.6926 3.32185 -0.455454 0.890259 1 0.265748 0 1.60437e-05 -5.38766e-06 1.92949  3.55063
3.71251 3.33201 -0.453735 0.891137 1 0.266561 0 1.6072e-05 -5.38906e-06 1.94551  3.56623
3.73245 3.34214 -0.45203 0.892003 1 0.267371 0 1.61002e-05 -5.39036e-06 1.96156  3.58179
3.7524 3.35223 -0.45034 0.892857 1 0.268178 0 1.61283e-05 -5.39158e-06 1.97765  3.59733
ZONE I=5
3.7524 3.35223 -0.45034 0.892857 1 0.268178 0 1.61283e-05 -5.39158e-06 1.97765  3.59733
3.77237 3.36228 -0.448664 0.8937 1 0.268982 0 1.61564e-05 -5.39271e-06 1.99376  3.61283
3.79237 3.37229 -0.447002 0.894533 1 0.269783 0 1.61844e-05 -5.39375e-06 2.0099  3.62831
3.81238 3.38227 -0.445354 0.895354 1 0.270581 0 1.62124e-05 -5.39471e-06 2.02607  3.64375
3.83241 3.39221 -0.443721 0.896165 1 0.271376 0 1.62404e-05 -5.3956e-06 2.04226  3.65917
ZONE I=5
3.83241 3.39221 -0.443721 0.896165 1 0.271376 0 1.62404e-05 -5.3956e-06 2.04226  3.65917
3.85245 3.40211 -0.442101 0.896965 1 0.272169 0 1.62683e-05 -5.39642e-06 2.05849  3.67455
3.87252 3.41198 -0.440496 0.897755 1 0.272958 0 1.62961e-05 -5.39716e-06 2.07474  3.68991
3.8926 3.42181 -0.438905 0.898534 1 0.273745 0 1.63239e-05 -5.39784e-06 2.09102  3.70523
3.9127 3.4316 -0.437328 0.899302 1 0.274528 0 1.63517e-05 -5.39846e-06 2.10733  3.72053
ZONE I=5
3.9127 3.4316 -0.437328 0.899302 1 0.274528 0 1.63517e-05 -5.39846e-06 2.10733  3.72053
3.93282 3.44136 -0.435764 0.900061 1 0.275309 0 1.63794e-05 -5.39901e-06 2.12366  3.7358
3.95295 3.45109 -0.434215 0.900809 1 0.276087 0 1.64071e-05 -5.39951e-06 2.14002  3.75104
3.9731 3.46078 -0.43268 0.901548 1 0.276863 0 1.64347e-05 -5.39995e-06 2.15641  3.76626
3.99327 3.47044 -0.431158 0.902276 1 0.277635 0 1.64623e-05 -5.40034e-06 2.17282  3.78144
ZONE I=5
3.99327 3.47044 -0.431158 0.902276 1 0.277635 0 1.64623e-05 -5.40034e-06 2.17282  3.78144
4.01345 3.48006 -0.429651 0.902995 1 0.278405 0 1.64899e-05 -5.40068e-06 2.18925  3.7966
4.03365 3.48965 -0.428157 0.903704 1 0.279172 0 1.65175e-05 -5.40097e-06 2.20572  3.81173
4.05386 3.49921 -0.426677 0.904404 1 0.279937 0 1.6545e-05 -5.40122e-06 2.2222  3.82684
4.07409 3.50873 -0.425211 0.905094 1 0.280699 0 1.65725e-05 -5.40143e-06 2.23872  3.84191
ZONE I=5
4.07409 3.50873 -0.425211 0.905094 1 0.280699 0 1.65725e-05 -5.40143e-06 2.23872  3.84191
4.09434 3.51823 -0.423759 0.905775 1 0.281458 0 1.66e-05 -5.40161e-06 2.25525  3.85696
4.1146 3.52769 -0.42232 0.906447 1 0.282215 0 1.66275e-05 -5.40175e-06 2.27181  3.87199
4.13487 3.53711 -0.420895 0.907109 1 0.282969 0 1.66549e-05 -5.40185e-06 2.2884  3.88699
4.15516 3.54651 -0.419484 0.907763 1 0.283721 0 1.66823e-05 -5.40193e-06 2.305  3.90196
ZONE I=5
4.15516 3.54651 -0.419484 0.907763 1 0.283721 0 1.66823e-05 -5.40193e-06 2.305  3.90196
4.17547 3.55587 -0.418087 0.908407 1 0.28447 0 1.67097e-05 -5.40198e-06 2.32163  3.9169
4.19579 3.5652 -0.416702 0.909043 1 0.285216 0 1.67371e-05 -5.402e-06 2.33829  3.93182
4.21612 3.57451 -0.415332 0.90967 1 0.285961 0 1.67644e-05 -5.40201e-06 2.35496  3.94672
4.23647 3.58378 -0.413975 0.910288 1 0.286702 0 1.67918e-05 -5.40199e-06 2.37166  3.96159
ZONE I=5
4.23647 3.58378 -0.413975 0.910288 1 0.286702 0 1.67918e-05 -5.40199e-06 2.37166  3.96159
4.25683 3.59302 -0.412631 0.910898 1 0.287442 0 1.68191e-05 -5.40196e-06 2.38838  3.97644
4.2772 3.60223 -0.411301 0.9115 1 0.288178 0 1.68465e-05 -5.40191e-06 2.40513  3.99126
4.29759 3.61141 -0.409983 0.912093 1 0.288913 0 1.68738e-05 -5.40185e-06 2.42189  4.00605
4.31799 3.62057 -0.40868 0.912678 1 0.289645 0 1.69011e-05 -5.40178e-06 2.43867  4.02083
ZONE I=5
4.31799 3.62057 -0.40868 0.912678 1 0.289645 0 1.69011e-05 -5.40178e-06 2.43867  4.02083
4.3384 3.62969 -0.407389 0.913255 1 0.290375 0 1.69284e-05 -5.40171e-06 2.45548  4.03558
4.35883 3.63878 -0.406112 0.913823 1 0.291103 0 1.69557e-05 -5.40162e-06 2.47231  4.0503
4.37927 3.64785 -0.404848 0.914384 1 0.291828 0 1.6983e-05 -5.40154e-06 2.48915  4.065
4.39972 3.65689 -0.403597 0.914937 1 0.292551 0 1.70102e-05 -5.40145e-06 2.50602  4.07968
ZONE I=5
4.39972 3.65689 -0.403597 0.914937 1 0.292551 0 1.70102e-05 -5.40145e-06 2.50602  4.07968
4.42019 3.6659 -0.402359 0.915482 1 0.293272 0 1.70375e-05 -5.40137e-06 2.52291  4.09434
4.44066 3.67488 -0.401134 0.916019 1 0.293991 0 1.70648e-05 -5.40129e-06 2.53982  4.10897
4.46115 3.68384 -0.399922 0.916549 1 0.294707 0 1.70921e-05 -5.40122e-06 2.55674  4.12358
4.48165 3.69277 -0.398723 0.917071 1 0.295421 0 1.71194e-05 -5.40115e-06 2.57369  4.13817
ZONE I=5
4.48165 3.69277 -0.398723 0.917071 1 0.295421 0 1.71194e-05 -5.40115e-06 2.57369  4.13817
4.50216 3.70167 -0.397537 0.917586 1 0.296134 0 1.71467e-05 -5.4011e-06 2.59065  4.15274
4.52268 3.71055 -0.396363 0.918094 1 0.296844 0 1.71739e-05 -5.40105e-06 2.60764  4.16728
4.54322 3.71939 -0.395203 0.918594 1 0.297552 0 1.72012e-05 -5.40102e-06 2.62464  4.1818
4.56376 3.72822 -0.394055 0.919087 1 0.298258 0 1.72285e-05 -5.40101e-06 2.64166  4.1963
ZONE I=5
4.56376 3.72822 -0.394055 0.919087 1 0.298258 0 1.72285e-05 -5.40101e-06 2.64166  4.1963
4.58432 3.73702 -0.39292 0.919573 1 0.298961 0 1.72558e-05 -5.40101e-06 2.6587  4.21078
4.60489 3.74579 -0.391797 0.920052 1 0.299663 0 1.72831e-05 -5.40103e-06 2.67575  4.22524
4.62547 3.75454 -0.390687 0.920524 1 0.300363 0 1.73105e-05 -5.40107e-06 2.69283  4.23968
4.64605 3.76326 -0.389589 0.920989 1 0.301061 0 1.73378e-05 -5.40114e-06 2.70992  4.2541
ZONE I=5
4.64605 3.76326 -0.389589 0.920989 1 0.301061 0 1.73378e-05 -5.40114e-06 2.70992  4.2541
4.66665 3.77196 -0.388504 0.921447 1 0.301757 0 1.73651e-05 -5.40123e-06 2.72702  4.2685
4.68726 3.78064 -0.387431 0.921899 1 0.302451 0 1.73925e-05 -5.40135e-06 2.74415  4.28288
4.70788 3.78929 -0.38637 0.922344 1 0.303143 0 1.74198e-05 -5.4015e-06 2.76129  4.29723
4.72851 3.79792 -0.385322 0.922782 1 0.303833 0 1.74472e-05 -5.40167e-06 2.77845  4.31157
ZONE I=5
4.72851 3.79792 -0.385322 0.922782 1 0.303833 0 1.74472e-05 -5.40167e-06 2.77845  4.31157
4.74915 3.80652 -0.384286 0.923214 1 0.304522 0 1.74746e-05 -5.40188e-06 2.79562  4.32589
4.7698 3.8151 -0.383262 0.92364 1 0.305208 0 1.7502e-05 -5.40212e-06 2.81281  4.34019
4.79045 3.82366 -0.38225 0.924059 1 0.305893 0 1.75294e-05 -5.4024e-06 2.83002  4.35447
4.81112 3.8322 -0.381251 0.924472 1 0.306576 0 1.75568e-05 -5.40271e-06 2.84724  4.36873
ZONE I=5
4.81112 3.8322 -0.381251 0.924472 1 0.306576 0 1.75568e-05 -5.40271e-06 2.84724  4.36873
4.8318 3.84071 -0.380263 0.924878 1 0.307257 0 1.75843e-05 -5.40306e-06 2.86447  4.38298
4.85248 3.8492 -0.379287 0.925279 1 0.307936 0 1.76118e-05 -5.40345e-06 2.88173  4.3972
4.87318 3.85767 -0.378323 0.925674 1 0.308614 0 1.76392e-05 -5.40388e-06 2.89899  4.41141
4.89388 3.86612 -0.377371 0.926062 1 0.30929 0 1.76668e-05 -5.40435e-06 2.91627  4.4256
ZONE I=5
4.89388 3.86612 -0.377371 0.926062 1 0.30929 0 1.76668e-05 -5.40435e-06 2.91627  4.4256
4.91459 3.87455 -0.37643 0.926445 1 0.309964 0 1.76943e-05 -5.40487e-06 2.93357  4.43977
4.93531 3.88295 -0.375501 0.926822 1 0.310636 0 1.77218e-05 -5.40542e-06 2.95088  4.45393
4.95604 3.89134 -0.374584 0.927193 1 0.311307 0 1.77494e-05 -5.40603e-06 2.9682  4.46806
4.97677 3.89971 -0.373678 0.927558 1 0.311976 0 1.7777e-05 -5.40668e-06 2.98554  4.48218
ZONE I=5
4.97677 3.89971 -0.373678 0.927558 1 0.311976 0 1.7777e-05 -5.40668e-06 2.98554  4.48218
4.99752 3.90805 -0.372784 0.927918 1 0.312644 0 1.78046e-05 -5.40738e-06 3.00289  4.49629
5.01827 3.91638 -0.371901 0.928272 1 0.31331 0 1.78322e-05 -5.40813e-06 3.02026  4.51037
5.03903 3.92468 -0.37103 0.928621 1 0.313975 0 1.78599e-05 -5.40894e-06 3.03764  4.52444
5.0598 3.93297 -0.37017 0.928964 1 0.314638 0 1.78875e-05 -5.40979e-06 3.05503  4.5385
ZONE I=5
5.0598 3.93297 -0.37017 0.928964 1 0.314638 0 1.78875e-05 -5.40979e-06 3.05503  4.5385
5.08058 3.94124 -0.369321 0.929302 1 0.315299 0 1.79153e-05 -5.4107e-06 3.07243  4.55254
5.10136 3.94949 -0.368483 0.929635 1 0.315959 0 1.7943e-05 -5.41166e-06 3.08985  4.56656
5.12215 3.95772 -0.367656 0.929962 1 0.316617 0 1.79707e-05 -5.41267e-06 3.10728  4.58056
5.14295 3.96593 -0.366841 0.930284 1 0.317274 0 1.79985e-05 -5.41374e-06 3.12472  4.59456
ZONE I=5
5.14295 3.96593 -0.366841 0.930284 1 0.317274 0 1.79985e-05 -5.41374e-06 3.12472  4.59456
5.16375 3.97412 -0.366036 0.930601 1 0.31793 0 1.80263e-05 -5.41487e-06 3.14218  4.60853
5.18456 3.9823 -0.365242 0.930912 1 0.318584 0 1.80542e-05 -5.41606e-06 3.15964  4.62249
5.20538 3.99046 -0.364459 0.931219 1 0.319236 0 1.8082e-05 -5.41731e-06 3.17712  4.63644
5.22621 3.9986 -0.363687 0.931521 1 0.319888 0 1.81099e-05 -5.41862e-06 3.19461  4.65037
ZONE I=5
5.22621 3.9986 -0.363687 0.931521 1 0.319888 0 1.81099e-05 -5.41862e-06 3.19461  4.65037
5.24704 4.00672 -0.362926 0.931818 1 0.320538 0 1.81379e-05 -5.41998e-06 3.21211  4.66429
5.26788 4.01483 -0.362175 0.93211 1 0.321186 0 1.81658e-05 -5.42141e-06 3.22963  4.67819
5.28873 4.02292 -0.361435 0.932397 1 0.321833 0 1.81938e-05 -5.42291e-06 3.24715  4.69208
5.30958 4.03099 -0.360705 0.93268 1 0.322479 0 1.82218e-05 -5.42446e-06 3.26469  4.70596
ZONE I=5
5.30958 4.03099 -0.360705 0.93268 1 0.322479 0 1.82218e-05 -5.42446e-06 3.26469  4.70596
5.33044 4.03905 -0.359986 0.932958 1 0.323124 0 1.82499e-05 -5.42608e-06 3.28223  4.71982
5.3513 4.04709 -0.359277 0.933231 1 0.323767 0 1.8278e-05 -5.42777e-06 3.29979  4.73367
5.37217 4.05512 -0.358578 0.9335 1 0.324409 0 1.83061e-05 -5.42952e-06 3.31735  4.7475
5.39305 4.06313 -0.35789 0.933764 1 0.32505 0 1.83342e-05 -5.43134e-06 3.33493  4.76132
ZONE I=5
5.39305 4.06313 -0.35789 0.933764 1 0.32505 0 1.83342e-05 -5.43134e-06 3.33493  4.76132
5.41393 4.07112 -0.357212 0.934024 1 0.32569 0 1.83624e-05 -5.43322e-06 3.35252  4.77513
5.43482 4.0791 -0.356543 0.934279 1 0.326328 0 1.83906e-05 -5.43517e-06 3.37011  4.78893
5.45571 4.08707 -0.355885 0.93453 1 0.326965 0 1.84188e-05 -5.43719e-06 3.38772  4.80271
5.47661 4.09502 -0.355237 0.934776 1 0.327601 0 1.84471e-05 -5.43928e-06 3.40534  4.81648
ZONE I=5
5.47661 4.09502 -0.355237 0.934776 1 0.327601 0 1.84471e-05 -5.43928e-06 3.40534  4.81648
5.49752 4.10295 -0.354599 0.935019 1 0.328236 0 1.84754e-05 -5.44144e-06 3.42296  4.83024
5.51843 4.11087 -0.35397 0.935257 1 0.32887 0 1.85038e-05 -5.44367e-06 3.4406  4.84399
5.53934 4.11878 -0.353351 0.935491 1 0.329503 0 1.85322e-05 -5.44597e-06 3.45824  4.85773
5.56026 4.12668 -0.352742 0.93572 1 0.330134 0 1.85606e-05 -5.44834e-06 3.4759  4.87145
ZONE I=5
5.56026 4.12668 -0.352742 0.93572 1 0.330134 0 1.85606e-05 -5.44834e-06 3.4759  4.87145
5.58119 4.13456 -0.352143 0.935946 1 0.330765 0 1.8589e-05 -5.45078e-06 3.49356  4.88516
5.60212 4.14243 -0.351553 0.936168 1 0.331394 0 1.86175e-05 -5.4533e-06 3.51123  4.89886
5.62305 4.15028 -0.350972 0.936386 1 0.332022 0 1.86461e-05 -5.45588e-06 3.52891  4.91256
5.644 4.15812 -0.350401 0.9366 1 0.33265 0 1.86746e-05 -5.45854e-06 3.5466  4.92624
ZONE I=5
5.644 4.15812 -0.350401 0.9366 1 0.33265 0 1.86746e-05 -5.45854e-06 3.5466  4.92624
5.66494 4.16595 -0.349839 0.93681 1 0.333276 0 1.87032e-05 -5.46128e-06 3.56429  4.9399
5.68589 4.17377 -0.349287 0.937016 1 0.333901 0 1.87319e-05 -5.46408e-06 3.582  4.95356
5.70685 4.18157 -0.348743 0.937218 1 0.334526 0 1.87606e-05 -5.46696e-06 3.59971  4.96721
5.7278 4.18936 -0.348209 0.937417 1 0.335149 0 1.87893e-05 -5.46992e-06 3.61743  4.98085
ZONE I=5
5.7278 4.18936 -0.348209 0.937417 1 0.335149 0 1.87893e-05 -5.46992e-06 3.61743  4.98085
5.74877 4.19714 -0.347684 0.937612 1 0.335771 0 1.8818e-05 -5.47295e-06 3.63516  4.99448
5.76974 4.20491 -0.347168 0.937803 1 0.336393 0 1.88468e-05 -5.47605e-06 3.65289  5.00809
5.79071 4.21267 -0.34666 0.937991 1 0.337013 0 1.88757e-05 -5.47923e-06 3.67064  5.0217
5.81168 4.22041 -0.346161 0.938175 1 0.337633 0 1.89045e-05 -5.48249e-06 3.68839  5.0353
ZONE I=5
5.81168 4.22041 -0.346161 0.938175 1 0.337633 0 1.89045e-05 -5.48249e-06 3.68839  5.0353
5.83266 4.22815 -0.345671 0.938356 1 0.338252 0 1.89335e-05 -5.48582e-06 3.70614  5.04889
5.85365 4.23587 -0.34519 0.938533 1 0.33887 0 1.89624e-05 -5.48922e-06 3.72391  5.06247
5.87464 4.24359 -0.344717 0.938706 1 0.339487 0 1.89914e-05 -5.4927e-06 3.74168  5.07604
5.89563 4.25129 -0.344253 0.938877 1 0.340103 0 1.90204e-05 -5.49626e-06 3.75946  5.0896
ZONE I=5
5.89563 4.25129 -0.344253 0.938877 1 0.340103 0 1.90204e-05 -5.49626e-06 3.75946  5.0896
5.91662 4.25898 -0.343798 0.939044 1 0.340719 0 1.90495e-05 -5.4999e-06 3.77724  5.10316
5.93762 4.26666 -0.34335 0.939207 1 0.341333 0 1.90786e-05 -5.50361e-06 3.79503  5.1167
5.95863 4.27434 -0.342911 0.939368 1 0.341947 0 1.91078e-05 -5.50739e-06 3.81283  5.13024
5.97963 4.282 -0.34248 0.939525 1 0.34256 0 1.9137e-05 -5.51125e-06 3.83063  5.14377
ZONE I=5
5.97963 4.282 -0.34248 0.939525 1 0.34256 0 1.9137e-05 -5.51125e-06 3.83063  5.14377
6.00064 4.28965 -0.342057 0.939679 1 0.343172 0 1.91662e-05 -5.51519e-06 3.84844  5.15729
6.02166 4.2973 -0.341643 0.93983 1 0.343784 0 1.91955e-05 -5.51921e-06 3.86626  5.1708
6.04267 4.30493 -0.341236 0.939978 1 0.344395 0 1.92248e-05 -5.5233e-06 3.88408  5.18431
6.06369 4.31256 -0.340837 0.940122 1 0.345005 0 1.92542e-05 -5.52747e-06 3.90191  5.1978
ZONE I=5
6.06369 4.31256 -0.340837 0.940122 1 0.345005 0 1.92542e-05 -5.52747e-06 3.90191  5.1978
6.08472 4.32018 -0.340446 0.940264 1 0.345614 0 1.92836e-05 -5.53171e-06 3.91974  5.21129
6.10574 4.32778 -0.340063 0.940403 1 0.346223 0 1.9313e-05 -5.53603e-06 3.93758  5.22478
6.12677 4.33538 -0.339687 0.940538 1 0.346831 0 1.93425e-05 -5.54043e-06 3.95543  5.23825
6.1478 4.34297 -0.33932 0.940671 1 0.347438 0 1.93721e-05 -5.5449e-06 3.97328  5.25172
ZONE I=5
6.1478 4.34297 -0.33932 0.940671 1 0.347438 0 1.93721e-05 -5.5449e-06 3.97328  5.25172
6.16884 4.35056 -0.338959 0.940801 1 0.348045 0 1.94016e-05 -5.54945e-06 3.99113  5.26518
6.18988 4.35813 -0.338606 0.940928 1 0.348651 0 1.94312e-05 -5.55408e-06 4.00899  5.27863
6.21092 4.3657 -0.338261 0.941052 1 0.349256 0 1.94609e-05 -5.55878e-06 4.02686  5.29208
6.23196 4.37326 -0.337923 0.941174 1 0.349861 0 1.94906e-05 -5.56356e-06 4.04473  5.30552
ZONE I=5
6.23196 4.37326 -0.337923 0.941174 1 0.349861 0 1.94906e-05 -5.56356e-06 4.04473  5.30552
6.25301 4.38081 -0.337592 0.941293 1 0.350465 0 1.95203e-05 -5.56841e-06 4.0626  5.31896
6.27406 4.38836 -0.337268 0.941409 1 0.351069 0 1.95501e-05 -5.57333e-06 4.08048  5.33239
6.29511 4.3959 -0.336951 0.941522 1 0.351672 0 1.958e-05 -5.57834e-06 4.09836  5.34581
6.31617 4.40343 -0.336641 0.941633 1 0.352274 0 1.96098e-05 -5.58341e-06 4.11625  5.35922
ZONE I=5
6.31617 4.40343 -0.336641 0.941633 1 0.352274 0 1.96098e-05 -5.58341e-06 4.11625  5.35922
6.33722 4.41095 -0.336338 0.941741 1 0.352876 0 1.96397e-05 -5.58856e-06 4.13414  5.37264
6.35828 4.41847 -0.336042 0.941847 1 0.353478 0 1.96697e-05 -5.59379e-06 4.15204  5.38604
6.37934 4.42598 -0.335753 0.94195 1 0.354078 0 1.96997e-05 -5.59909e-06 4.16994  5.39944
6.40041 4.43348 -0.335471 0.942051 1 0.354679 0 1.97297e-05 -5.60446e-06 4.18785  5.41283
ZONE I=5
6.40041 4.43348 -0.335471 0.942051 1 0.354679 0 1.97297e-05 -5.60446e-06 4.18785  5.41283
6.42147 4.44098 -0.335195 0.942149 1 0.355279 0 1.97598e-05 -5.60991e-06 4.20576  5.42622
6.44254 4.44847 -0.334925 0.942245 1 0.355878 0 1.97899e-05 -5.61543e-06 4.22367  5.43961
6.46361 4.45596 -0.334662 0.942338 1 0.356477 0 1.98201e-05 -5.62102e-06 4.24159  5.45299
6.48468 4.46344 -0.334406 0.942429 1 0.357075 0 1.98503e-05 -5.62668e-06 4.25951  5.46636
ZONE I=5
6.48468 4.46344 -0.334406 0.942429 1 0.357075 0 1.98503e-05 -5.62668e-06 4.25951  5.46636
6.50576 4.47092 -0.334156 0.942518 1 0.357673 0 1.98806e-05 -5.63242e-06 4.27743  5.47973
6.52683 4.47839 -0.333912 0.942604 1 0.358271 0 1.99108e-05 -5.63823e-06 4.29536  5.49309
6.54791 4.48585 -0.333674 0.942689 1 0.358868 0 1.99412e-05 -5.64411e-06 4.31329  5.50645
6.56899 4.49331 -0.333442 0.942771 1 0.359465 0 1.99716e-05 -5.65006e-06 4.33123  5.51981
ZONE I=5
6.56899 4.49331 -0.333442 0.942771 1 0.359465 0 1.99716e-05 -5.65006e-06 4.33123  5.51981
6.59007 4.50076 -0.333217 0.94285 1 0.360061 0 2.0002e-05 -5.65608e-06 4.34916  5.53316
6.61116 4.50821 -0.332997 0.942928 1 0.360657 0 2.00324e-05 -5.66217e-06 4.3671  5.5465
6.63224 4.51565 -0.332783 0.943004 1 0.361252 0 2.00629e-05 -5.66832e-06 4.38505  5.55985
6.65333 4.52309 -0.332575 0.943077 1 0.361847 0 2.00935e-05 -5.67455e-06 4.40299  5.57318
ZONE I=5
6.65333 4.52309 -0.332575 0.943077 1 0.361847 0 2.00935e-05 -5.67455e-06 4.40299  5.57318
6.67442 4.53053 -0.332372 0.943148 1 0.362442 0 2.01241e-05 -5.68085e-06 4.42094  5.58652
6.69551 4.53796 -0.332175 0.943218 1 0.363037 0 2.01547e-05 -5.68721e-06 4.4389  5.59985
6.7166 4.54538 -0.331984 0.943285 1 0.363631 0 2.01854e-05 -5.69364e-06 4.45685  5.61318
6.73769 4.5528 -0.331798 0.943351 1 0.364224 0 2.02161e-05 -5.70014e-06 4.47481  5.6265
ZONE I=5
6.73769 4.5528 -0.331798 0.943351 1 0.364224 0 2.02161e-05 -5.70014e-06 4.47481  5.6265
6.75879 4.56022 -0.331617 0.943414 1 0.364818 0 2.02468e-05 -5.7067e-06 4.49277  5.63982
6.77988 4.56763 -0.331442 0.943476 1 0.365411 0 2.02776e-05 -5.71333e-06 4.51073  5.65314
6.80098 4.57504 -0.331272 0.943535 1 0.366003 0 2.03085e-05 -5.72003e-06 4.5287  5.66645
6.82208 4.58245 -0.331107 0.943593 1 0.366596 0 2.03393e-05 -5.72678e-06 4.54667  5.67976
ZONE I=5
6.82208 4.58245 -0.331107 0.943593 1 0.366596 0 2.03393e-05 -5.72678e-06 4.54667  5.67976
6.84318 4.58985 -0.330947 0.943649 1 0.367188 0 2.03702e-05 -5.73361e-06 4.56464  5.69307
6.86428 4.59725 -0.330792 0.943704 1 0.36778 0 2.04012e-05 -5.74049e-06 4.58261  5.70637
6.88538 4.60464 -0.330642 0.943756 1 0.368372 0 2.04322e-05 -5.74744e-06 4.60058  5.71967
6.90649 4.61204 -0.330497 0.943807 1 0.368963 0 2.04632e-05 -5.75445e-06 4.61856  5.73297
ZONE I=5
6.90649 4.61204 -0.330497 0.943807 1 0.368963 0 2.04632e-05 -5.75445e-06 4.61856  5.73297
6.92759 4.61942 -0.330357 0.943856 1 0.369554 0 2.04943e-05 -5.76152e-06 4.63654  5.74626
6.9487 4.62681 -0.330221 0.943904 1 0.370145 0 2.05254e-05 -5.76865e-06 4.65452  5.75956
6.9698 4.63419 -0.33009 0.943949 1 0.370735 0 2.05565e-05 -5.77584e-06 4.6725  5.77285
6.99091 4.64157 -0.329964 0.943994 1 0.371326 0 2.05877e-05 -5.78309e-06 4.69049  5.78613
ZONE I=5
6.99091 4.64157 -0.329964 0.943994 1 0.371326 0 2.05877e-05 -5.78309e-06 4.69049  5.78613
7.01202 4.64895 -0.329842 0.944036 1 0.371916 0 2.06189e-05 -5.7904e-06 4.70847  5.79942
7.03313 4.65632 -0.329724 0.944077 1 0.372506 0 2.06502e-05 -5.79777e-06 4.72646  5.8127
7.05424 4.66369 -0.32961 0.944117 1 0.373096 0 2.06815e-05 -5.80519e-06 4.74445  5.82598
7.07535 4.67106 -0.329501 0.944155 1 0.373685 0 2.07128e-05 -5.81267e-06 4.76244  5.83926
ZONE I=5
7.07535 4.67106 -0.329501 0.944155 1 0.373685 0 2.07128e-05 -5.81267e-06 4.76244  5.83926
7.09647 4.67843 -0.329396 0.944192 1 0.374274 0 2.07442e-05 -5.82021e-06 4.78043  5.85254
7.11758 4.68579 -0.329295 0.944227 1 0.374864 0 2.07756e-05 -5.8278e-06 4.79843  5.86581
7.13869 4.69316 -0.329197 0.944261 1 0.375453 0 2.0807e-05 -5.83544e-06 4.81642  5.87909
7.15981 4.70052 -0.329104 0.944294 1 0.376041 0 2.08385e-05 -5.84313e-06 4.83442  5.89236
ZONE I=5
7.15981 4.70052 -0.329104 0.944294 1 0.376041 0 2.08385e-05 -5.84313e-06 4.83442  5.89236
7.18092 4.70787 -0.329015 0.944325 1 0.37663 0 2.087e-05 -5.85088e-06 4.85242  5.90563
7.20204 4.71523 -0.328929 0.944355 1 0.377218 0 2.09016e-05 -5.85868e-06 4.87042  5.9189
7.22316 4.72258 -0.328847 0.944383 1 0.377807 0 2.09331e-05 -5.86653e-06 4.88842  5.93216
7.24427 4.72994 -0.328768 0.944411 1 0.378395 0 2.09648e-05 -5.87443e-06 4.90642  5.94543
ZONE I=5
7.24427 4.72994 -0.328768 0.944411 1 0.378395 0 2.09648e-05 -5.87443e-06 4.90642  5.94543
7.26539 4.73729 -0.328693 0.944437 1 0.378983 0 2.09964e-05 -5.88238e-06 4.92442  5.95869
7.28651 4.74464 -0.328621 0.944462 1 0.379571 0 2.10281e-05 -5.89038e-06 4.94242  5.97195
7.30763 4.75198 -0.328553 0.944486 1 0.380159 0 2.10598e-05 -5.89842e-06 4.96043  5.98521
7.32875 4.75933 -0.328488 0.944508 1 0.380746 0 2.10915e-05 -5.90651e-06 4.97843  5.99847
ZONE I=5
7.32875 4.75933 -0.328488 0.944508 1 0.380746 0 2.10915e-05 -5.90651e-06 4.97843  5.99847
7.34987 4.76667 -0.328426 0.94453 1 0.381334 0 2.11233e-05 -5.91465e-06 4.99644  6.01173
7.37099 4.77402 -0.328367 0.94455 1 0.381921 0 2.11551e-05 -5.92282e-06 5.01445  6.02499
7.39211 4.78136 -0.328311 0.94457 1 0.382509 0 2.11869e-05 -5.93105e-06 5.03245  6.03824
7.41323 4.7887 -0.328259 0.944588 1 0.383096 0 2.12188e-05 -5.93931e-06 5.05046  6.0515
ZONE I=5
7.41323 4.7887 -0.328259 0.944588 1 0.383096 0 2.12188e-05 -5.93931e-06 5.05046  6.0515
7.43435 4.79604 -0.328209 0.944605 1 0.383683 0 2.12507e-05 -5.94762e-06 5.06847  6.06475
7.45548 4.80338 -0.328161 0.944622 1 0.38427 0 2.12826e-05 -5.95596e-06 5.08648  6.078
7.4766 4.81072 -0.328117 0.944637 1 0.384857 0 2.13146e-05 -5.96435e-06 5.10449  6.09125
7.49772 4.81805 -0.328075 0.944652 1 0.385444 0 2.13465e-05 -5.97277e-06 5.12251  6.1045
ZONE I=5
7.49772 4.81805 -0.328075 0.944652 1 0.385444 0 2.13465e-05 -5.97277e-06 5.12251  6.1045
7.51884 4.82539 -0.328036 0.944665 1 0.386031 0 2.13785e-05 -5.98124e-06 5.14052  6.11775
7.53997 4.83272 -0.327999 0.944678 1 0.386618 0 2.14106e-05 -5.98974e-06 5.15853  6.131
7.56109 4.84006 -0.327964 0.94469 1 0.387205 0 2.14426e-05 -5.99827e-06 5.17654  6.14425
7.58222 4.84739 -0.327932 0.944701 1 0.387791 0 2.14747e-05 -6.00684e-06 5.19456  6.1575
ZONE I=5
7.58222 4.84739 -0.327932 0.944701 1 0.387791 0 2.14747e-05 -6.00684e-06 5.19456  6.1575
7.60334 4.85472 -0.327902 0.944712 1 0.388378 0 2.15068e-05 -6.01544e-06 5.21257  6.17075
7.62446 4.86205 -0.327874 0.944722 1 0.388964 0 2.15389e-05 -6.02407e-06 5.23058  6.184
7.64559 4.86938 -0.327848 0.94473 1 0.389551 0 2.15711e-05 -6.03274e-06 5.2486  6.19724
7.66671 4.87672 -0.327824 0.944739 1 0.390137 0 2.16032e-05 -6.04144e-06 5.26661  6.21049
ZONE I=5
7.66671 4.87672 -0.327824 0.944739 1 0.390137 0 2.16032e-05 -6.04144e-06 5.26661  6.21049
7.68784 4.88405 -0.327802 0.944746 1 0.390724 0 2.16354e-05 -6.05016e-06 5.28463  6.22373
7.70896 4.89138 -0.327782 0.944753 1 0.39131 0 2.16676e-05 -6.05891e-06 5.30265  6.23698
7.73009 4.8987 -0.327764 0.94476 1 0.391896 0 2.16999e-05 -6.06769e-06 5.32066  6.25022
7.75122 4.90603 -0.327747 0.944765 1 0.392483 0 2.17321e-05 -6.0765e-06 5.33868  6.26347
ZONE I=5
7.75122 4.90603 -0.327747 0.944765 1 0.392483 0 2.17321e-05 -6.0765e-06 5.33868  6.26347
7.77234 4.91336 -0.327732 0.944771 1 0.393069 0 2.17644e-05 -6.08533e-06 5.35669  6.27671
7.79347 4.92069 -0.327718 0.944775 1 0.393655 0 2.17967e-05 -6.09418e-06 5.37471  6.28996
7.81459 4.92802 -0.327706 0.94478 1 0.394241 0 2.1829e-05 -6.10306e-06 5.39273  6.3032
7.83572 4.93535 -0.327696 0.944783 1 0.394828 0 2.18613e-05 -6.11196e-06 5.41074  6.31644
ZONE I=5
7.83572 4.93535 -0.327696 0.944783 1 0.394828 0 2.18613e-05 -6.11196e-06 5.41074  6.31644
7.85684 4.94267 -0.327686 0.944787 1 0.395414 0 2.18936e-05 -6.12088e-06 5.42876  6.32969
7.87797 4.95 -0.327678 0.94479 1 0.396 0 2.1926e-05 -6.12981e-06 5.44678  6.34293
7.8991 4.95733 -0.32767 0.944792 1 0.396586 0 2.19583e-05 -6.13876e-06 5.4648  6.35617
7.92022 4.96465 -0.327664 0.944794 1 0.397172 0 2.19907e-05 -6.14774e-06 5.48281  6.36942
ZONE I=5
7.92022 4.96465 -0.327664 0.944794 1 0.397172 0 2.19907e-05 -6.14774e-06 5.48281  6.36942
7.94135 4.97198 -0.327659 0.944796 1 0.397758 0 2.20231e-05 -6.15672e-06 5.50083  6.38266
7.96248 4.97931 -0.327655 0.944798 1 0.398345 0 2.20555e-05 -6.16572e-06 5.51885  6.3959
7.9836 4.98663 -0.327651 0.944799 1 0.398931 0 2.20879e-05 -6.17473e-06 5.53687  6.40914
8.00473 4.99396 -0.327648 0.9448 1 0.399517 0 2.21203e-05 -6.18376e-06 5.55488  6.42239
ZONE I=5
8.00473 4.99396 -0.327648 0.9448 1 0.399517 0 2.21203e-05 -6.18376e-06 5.55488  6.42239
8.02585 5.00129 -0.327646 0.944801 1 0.400103 0 2.21527e-05 -6.19279e-06 5.5729  6.43563
8.04698 5.00861 -0.327644 0.944801 1 0.400689 0 2.21852e-05 -6.20184e-06 5.59092  6.44887
8.06811 5.01594 -0.327643 0.944802 1 0.401275 0 2.22176e-05 -6.21089e-06 5.60894  6.46211
8.08923 5.02327 -0.327642 0.944802 1 0.401861 0 2.225e-05 -6.21995e-06 5.62695  6.47536
ZONE I=5
8.08923 5.02327 -0.327642 0.944802 1 0.401861 0 2.225e-05 -6.21995e-06 5.62695  6.47536
8.11036 5.03059 -0.327642 0.944802 1 0.402447 0 2.22825e-05 -6.22901e-06 5.64497  6.4886
8.13149 5.03792 -0.327641 0.944802 1 0.403033 0 2.23149e-05 -6.23808e-06 5.66299  6.50184
8.15261 5.04524 -0.327641 0.944802 1 0.40362 0 2.23474e-05 -6.24715e-06 5.68101  6.51508
8.17374 5.05257 -0.327641 0.944802 1 0.404206 0 2.23798e-05 -6.25622e-06 5.69903  6.52833
