ZONE I=5
0.8 0.5 -0.942 0.335612 1 0.015 0 1.41552e-06 -2.3711e-07 0  0
0.807456 0.520862 -0.941346 0.337444 1 0.0156259 0 1.47362e-06 -2.48179e-07 0.000957561  0.0221338
0.815018 0.541896 -0.940706 0.339224 1 0.0162569 0 1.53215e-06 -2.59387e-07 0.00196643  0.0444634
0.822645 0.562984 -0.940069 0.340983 1 0.0168895 0 1.59076e-06 -2.70695e-07 0.0030206  0.0668627
0.830292 0.584006 -0.939426 0.342751 1 0.0175202 0 1.6491e-06 -2.82066e-07 0.00411405  0.0892057
ZONE I=5
0.830292 0.584006 -0.939426 0.342751 1 0.0175202 0 1.6491e-06 -2.82066e-07 0.00411405  0.0892057
0.837964 0.604971 -0.938782 0.344512 1 0.0181491 0 1.70721e-06 -2.93491e-07 0.00524727  0.111502
0.845686 0.625953 -0.93814 0.346255 1 0.0187786 0 1.76529e-06 -3.04998e-07 0.00642387  0.133829
0.853451 0.646933 -0.937499 0.347987 1 0.019408 0 1.82329e-06 -3.16581e-07 0.00764247  0.156166
0.861252 0.667889 -0.936857 0.349712 1 0.0200367 0 1.88115e-06 -3.28231e-07 0.00890172  0.178492
ZONE I=5
0.861252 0.667889 -0.936857 0.349712 1 0.0200367 0 1.88115e-06 -3.28231e-07 0.00890172  0.178492
0.869089 0.688824 -0.936215 0.351428 1 0.0206647 0 1.93887e-06 -3.39947e-07 0.0102015  0.200808
0.876965 0.70975 -0.935573 0.353133 1 0.0212925 0 1.99649e-06 -3.51732e-07 0.0115424  0.223127
0.884881 0.730664 -0.934932 0.354827 1 0.0219199 0 2.054e-06 -3.63585e-07 0.012924  0.245446
0.892834 0.751562 -0.93429 0.356513 1 0.0225468 0 2.1114e-06 -3.75502e-07 0.0143459  0.26776
ZONE I=5
0.892834 0.751562 -0.93429 0.356513 1 0.0225468 0 2.1114e-06 -3.75502e-07 0.0143459  0.26776
0.900824 0.772444 -0.933649 0.358188 1 0.0231733 0 2.16868e-06 -3.87484e-07 0.0158078  0.290071
0.908851 0.793313 -0.933008 0.359854 1 0.0237994 0 2.22584e-06 -3.99529e-07 0.0173096  0.31238
0.916916 0.814167 -0.932368 0.361511 1 0.024425 0 2.2829e-06 -4.11636e-07 0.0188513  0.334687
0.925018 0.835008 -0.931728 0.363157 1 0.0250502 0 2.33984e-06 -4.23805e-07 0.0204324  0.35699
ZONE I=5
0.925018 0.835008 -0.931728 0.363157 1 0.0250502 0 2.33984e-06 -4.23805e-07 0.0204324  0.35699
0.933156 0.855833 -0.931088 0.364795 1 0.025675 0 2.39667e-06 -4.36033e-07 0.0220528  0.379291
0.941331 0.876645 -0.930449 0.366422 1 0.0262994 0 2.45338e-06 -4.48321e-07 0.0237123  0.401589
0.949542 0.897442 -0.92981 0.36804 1 0.0269233 0 2.50998e-06 -4.60667e-07 0.0254107  0.423884
0.957789 0.918225 -0.929172 0.369649 1 0.0275468 0 2.56648e-06 -4.73071e-07 0.0271478  0.446176
ZONE I=5
0.957789 0.918225 -0.929172 0.369649 1 0.0275468 0 2.56648e-06 -4.73071e-07 0.0271478  0.446176
0.966072 0.938994 -0.928534 0.371248 1 0.0281698 0 2.62286e-06 -4.8553e-07 0.0289233  0.468465
0.974391 0.959749 -0.927897 0.372838 1 0.0287925 0 2.67913e-06 -4.98045e-07 0.0307371  0.490751
0.982745 0.980489 -0.92726 0.374418 1 0.0294147 0 2.73529e-06 -5.10614e-07 0.032589  0.513034
0.991135 1.00122 -0.926624 0.375989 1 0.0300365 0 2.79134e-06 -5.23236e-07 0.0344788  0.535313
ZONE I=5
0.991135 1.00122 -0.926624 0.375989 1 0.0300365 0 2.79134e-06 -5.23236e-07 0.0344788  0.535313
0.999559 1.02193 -0.925989 0.377551 1 0.0306578 0 2.84728e-06 -5.35911e-07 0.0364062  0.55759
1.00802 1.04262 -0.925354 0.379103 1 0.0312787 0 2.90311e-06 -5.48637e-07 0.0383711  0.579863
1.01651 1.06331 -0.924721 0.380647 1 0.0318993 0 2.95883e-06 -5.61414e-07 0.0403732  0.602133
1.02504 1.08398 -0.924088 0.38218 1 0.0325193 0 3.01444e-06 -5.7424e-07 0.0424124  0.6244
ZONE I=5
1.02504 1.08398 -0.924088 0.38218 1 0.0325193 0 3.01444e-06 -5.7424e-07 0.0424124  0.6244
1.0336 1.10463 -0.923456 0.383705 1 0.033139 0 3.06995e-06 -5.87115e-07 0.0444884  0.646663
1.0422 1.12527 -0.922824 0.385221 1 0.0337582 0 3.12535e-06 -6.00038e-07 0.0466011  0.668922
1.05083 1.1459 -0.922194 0.386727 1 0.034377 0 3.18064e-06 -6.13007e-07 0.0487502  0.691179
1.05949 1.16651 -0.921565 0.388225 1 0.0349954 0 3.23582e-06 -6.26023e-07 0.0509356  0.713431
ZONE I=5
1.05949 1.16651 -0.921565 0.388225 1 0.0349954 0 3.23582e-06 -6.26023e-07 0.0509356  0.713431
1.06819 1.18711 -0.920936 0.389713 1 0.0356134 0 3.2909e-06 -6.39084e-07 0.053157  0.73568
1.07692 1.2077 -0.920309 0.391192 1 0.0362309 0 3.34587e-06 -6.52189e-07 0.0554143  0.757926
1.08569 1.22827 -0.919683 0.392663 1 0.0368481 0 3.40074e-06 -6.65338e-07 0.0577072  0.780168
1.09448 1.24883 -0.919057 0.394124 1 0.0374648 0 3.4555e-06 -6.78529e-07 0.0600355  0.802406
ZONE I=5
1.09448 1.24883 -0.919057 0.394124 1 0.0374648 0 3.4555e-06 -6.78529e-07 0.0600355  0.802406
1.10331 1.26937 -0.918433 0.395576 1 0.0380811 0 3.51016e-06 -6.91763e-07 0.0623992  0.824641
1.11217 1.2899 -0.91781 0.39702 1 0.0386969 0 3.56471e-06 -7.05037e-07 0.0647978  0.846871
1.12106 1.31041 -0.917188 0.398455 1 0.0393124 0 3.61917e-06 -7.18351e-07 0.0672313  0.869098
1.12999 1.33091 -0.916567 0.399881 1 0.0399274 0 3.67351e-06 -7.31705e-07 0.0696995  0.891322
ZONE I=5
1.12999 1.33091 -0.916567 0.399881 1 0.0399274 0 3.67351e-06 -7.31705e-07 0.0696995  0.891322
1.13895 1.3514 -0.915948 0.401298 1 0.0405421 0 3.72776e-06 -7.45097e-07 0.0722021  0.913541
1.14794 1.37188 -0.915329 0.402706 1 0.0411563 0 3.78191e-06 -7.58528e-07 0.074739  0.935756
1.15696 1.39234 -0.914712 0.404106 1 0.0417701 0 3.83595e-06 -7.71995e-07 0.07731  0.957968
1.16601 1.41278 -0.914097 0.405496 1 0.0423834 0 3.88989e-06 -7.85498e-07 0.0799149  0.980176
ZONE I=5
1.16601 1.41278 -0.914097 0.405496 1 0.0423834 0 3.88989e-06 -7.85498e-07 0.0799149  0.980176
1.17509 1.43321 -0.913482 0.406879 1 0.0429964 0 3.94374e-06 -7.99037e-07 0.0825534  1.00238
1.1842 1.45363 -0.912869 0.408252 1 0.043609 0 3.99748e-06 -8.12611e-07 0.0852254  1.02458
1.19335 1.47404 -0.912257 0.409617 1 0.0442211 0 4.05113e-06 -8.26219e-07 0.0879308  1.04677
1.20252 1.49443 -0.911647 0.410974 1 0.0448328 0 4.10467e-06 -8.3986e-07 0.0906692  1.06897
ZONE I=5
1.20252 1.49443 -0.911647 0.410974 1 0.0448328 0 4.10467e-06 -8.3986e-07 0.0906692  1.06897
1.21173 1.51481 -0.911038 0.412322 1 0.0454442 0 4.15812e-06 -8.53534e-07 0.0934405  1.09115
1.22096 1.53517 -0.910431 0.413661 1 0.0460551 0 4.21147e-06 -8.6724e-07 0.0962446  1.11334
1.23022 1.55552 -0.909825 0.414992 1 0.0466656 0 4.26473e-06 -8.80976e-07 0.0990812  1.13552
1.23952 1.57586 -0.909221 0.416314 1 0.0472757 0 4.31788e-06 -8.94744e-07 0.10195  1.15769
ZONE I=5
1.23952 1.57586 -0.909221 0.416314 1 0.0472757 0 4.31788e-06 -8.94744e-07 0.10195  1.15769
1.24884 1.59618 -0.908618 0.417628 1 0.0478854 0 4.37095e-06 -9.08541e-07 0.104851  1.17986
1.25819 1.61649 -0.908017 0.418934 1 0.0484947 0 4.42391e-06 -9.22367e-07 0.107784  1.20203
1.26758 1.63679 -0.907417 0.420232 1 0.0491036 0 4.47679e-06 -9.36222e-07 0.110749  1.22419
1.27699 1.65707 -0.906819 0.421521 1 0.0497121 0 4.52957e-06 -9.50104e-07 0.113745  1.24635
ZONE I=5
1.27699 1.65707 -0.906819 0.421521 1 0.0497121 0 4.52957e-06 -9.50104e-07 0.113745  1.24635
1.28643 1.67734 -0.906222 0.422801 1 0.0503202 0 4.58225e-06 -9.64014e-07 0.116773  1.2685
1.29589 1.6976 -0.905628 0.424074 1 0.0509279 0 4.63485e-06 -9.7795e-07 0.119832  1.29065
1.30539 1.71784 -0.905034 0.425338 1 0.0515352 0 4.68735e-06 -9.91913e-07 0.122922  1.3128
1.31492 1.73807 -0.904443 0.426595 1 0.0521421 0 4.73976e-06 -1.0059e-06 0.126043  1.33494
ZONE I=5
1.31492 1.73807 -0.904443 0.426595 1 0.0521421 0 4.73976e-06 -1.0059e-06 0.126043  1.33494
1.32447 1.75829 -0.903853 0.427843 1 0.0527486 0 4.79208e-06 -1.01991e-06 0.129195  1.35708
1.33405 1.77849 -0.903265 0.429083 1 0.0533547 0 4.84431e-06 -1.03395e-06 0.132377  1.37921
1.34366 1.79868 -0.902679 0.430315 1 0.0539604 0 4.89645e-06 -1.04801e-06 0.135589  1.40134
1.35329 1.81886 -0.902095 0.431538 1 0.0545657 0 4.9485e-06 -1.06209e-06 0.138831  1.42346
ZONE I=5
1.35329 1.81886 -0.902095 0.431538 1 0.0545657 0 4.9485e-06 -1.06209e-06 0.138831  1.42346
1.36296 1.83902 -0.901512 0.432754 1 0.0551706 0 5.00046e-06 -1.07619e-06 0.142104  1.44558
1.37264 1.85917 -0.900931 0.433962 1 0.0557752 0 5.05233e-06 -1.09032e-06 0.145406  1.4677
1.38236 1.87931 -0.900352 0.435162 1 0.0563793 0 5.10412e-06 -1.10447e-06 0.148737  1.48981
1.39211 1.89944 -0.899775 0.436354 1 0.0569831 0 5.15582e-06 -1.11864e-06 0.152098  1.51191
ZONE I=5
1.39211 1.89944 -0.899775 0.436354 1 0.0569831 0 5.15582e-06 -1.11864e-06 0.152098  1.51191
1.40188 1.91955 -0.8992 0.437538 1 0.0575865 0 5.20743e-06 -1.13282e-06 0.155488  1.53401
1.41167 1.93965 -0.898627 0.438714 1 0.0581895 0 5.25896e-06 -1.14703e-06 0.158907  1.55611
1.42149 1.95974 -0.898055 0.439883 1 0.0587921 0 5.3104e-06 -1.16126e-06 0.162355  1.5782
1.43134 1.97981 -0.897486 0.441043 1 0.0593943 0 5.36176e-06 -1.1755e-06 0.165832  1.60029
ZONE I=5
1.43134 1.97981 -0.897486 0.441043 1 0.0593943 0 5.36176e-06 -1.1755e-06 0.165832  1.60029
1.44122 1.99987 -0.896918 0.442196 1 0.0599962 0 5.41304e-06 -1.18977e-06 0.169337  1.62238
1.45112 2.01992 -0.896353 0.443341 1 0.0605976 0 5.46423e-06 -1.20405e-06 0.17287  1.64445
1.46104 2.03996 -0.895789 0.444479 1 0.0611987 0 5.51535e-06 -1.21834e-06 0.176432  1.66653
1.471 2.05998 -0.895228 0.445609 1 0.0617994 0 5.56638e-06 -1.23266e-06 0.180021  1.6886
ZONE I=5
1.471 2.05998 -0.895228 0.445609 1 0.0617994 0 5.56638e-06 -1.23266e-06 0.180021  1.6886
1.48097 2.07999 -0.894668 0.446731 1 0.0623998 0 5.61732e-06 -1.24698e-06 0.183638  1.71066
1.49097 2.09999 -0.894111 0.447846 1 0.0629997 0 5.66819e-06 -1.26133e-06 0.187283  1.73273
1.501 2.11998 -0.893556 0.448953 1 0.0635993 0 5.71898e-06 -1.27569e-06 0.190955  1.75478
1.51105 2.13995 -0.893002 0.450052 1 0.0641985 0 5.76969e-06 -1.29006e-06 0.194654  1.77683
ZONE I=5
1.51105 2.13995 -0.893002 0.450052 1 0.0641985 0 5.76969e-06 -1.29006e-06 0.194654  1.77683
1.52113 2.15991 -0.892451 0.451144 1 0.0647974 0 5.82032e-06 -1.30445e-06 0.198381  1.79888
1.53123 2.17986 -0.891902 0.452229 1 0.0653958 0 5.87088e-06 -1.31885e-06 0.202134  1.82092
1.54135 2.1998 -0.891355 0.453306 1 0.0659939 0 5.92135e-06 -1.33326e-06 0.205914  1.84296
1.5515 2.21972 -0.89081 0.454375 1 0.0665917 0 5.97175e-06 -1.34769e-06 0.209721  1.865
ZONE I=5
1.5515 2.21972 -0.89081 0.454375 1 0.0665917 0 5.97175e-06 -1.34769e-06 0.209721  1.865
1.56167 2.23964 -0.890268 0.455438 1 0.0671891 0 6.02208e-06 -1.36213e-06 0.213554  1.88703
1.57187 2.25954 -0.889727 0.456493 1 0.0677861 0 6.07233e-06 -1.37658e-06 0.217413  1.90905
1.58208 2.27942 -0.889189 0.45754 1 0.0683827 0 6.1225e-06 -1.39104e-06 0.221298  1.93107
1.59233 2.2993 -0.888653 0.458581 1 0.068979 0 6.1726e-06 -1.40551e-06 0.225209  1.95309
ZONE I=5
1.59233 2.2993 -0.888653 0.458581 1 0.068979 0 6.1726e-06 -1.40551e-06 0.225209  1.95309
1.60259 2.31917 -0.888119 0.459614 1 0.069575 0 6.22263e-06 -1.42e-06 0.229146  1.9751
1.61288 2.33902 -0.887587 0.46064 1 0.0701705 0 6.27258e-06 -1.43449e-06 0.233108  1.9971
1.62319 2.35886 -0.887058 0.461659 1 0.0707658 0 6.32247e-06 -1.44899e-06 0.237095  2.01911
1.63353 2.37869 -0.88653 0.46267 1 0.0713606 0 6.37228e-06 -1.4635e-06 0.241108  2.0411
ZONE I=5
1.63353 2.37869 -0.88653 0.46267 1 0.0713606 0 6.37228e-06 -1.4635e-06 0.241108  2.0411
1.64388 2.3985 -0.886005 0.463675 1 0.0719551 0 6.42202e-06 -1.47802e-06 0.245146  2.0631
1.65426 2.41831 -0.885483 0.464672 1 0.0725493 0 6.47169e-06 -1.49255e-06 0.249208  2.08508
1.66466 2.4381 -0.884962 0.465663 1 0.0731431 0 6.52129e-06 -1.50709e-06 0.253296  2.10707
1.67509 2.45789 -0.884444 0.466646 1 0.0737366 0 6.57082e-06 -1.52164e-06 0.257407  2.12905
ZONE I=5
1.67509 2.45789 -0.884444 0.466646 1 0.0737366 0 6.57082e-06 -1.52164e-06 0.257407  2.12905
1.68553 2.47766 -0.883928 0.467622 1 0.0743297 0 6.62029e-06 -1.53619e-06 0.261543  2.15102
1.696 2.49742 -0.883415 0.468591 1 0.0749225 0 6.66968e-06 -1.55075e-06 0.265704  2.17299
1.70649 2.51716 -0.882904 0.469554 1 0.0755149 0 6.71901e-06 -1.56531e-06 0.269888  2.19496
1.717 2.5369 -0.882395 0.470509 1 0.076107 0 6.76828e-06 -1.57989e-06 0.274096  2.21692
ZONE I=5
1.717 2.5369 -0.882395 0.470509 1 0.076107 0 6.76828e-06 -1.57989e-06 0.274096  2.21692
1.72753 2.55662 -0.881889 0.471458 1 0.0766987 0 6.81747e-06 -1.59446e-06 0.278328  2.23887
1.73808 2.57634 -0.881384 0.4724 1 0.0772902 0 6.86661e-06 -1.60905e-06 0.282583  2.26082
1.74865 2.59604 -0.880883 0.473335 1 0.0778812 0 6.91568e-06 -1.62364e-06 0.286862  2.28277
1.75925 2.61573 -0.880383 0.474263 1 0.078472 0 6.96468e-06 -1.63823e-06 0.291164  2.30471
ZONE I=5
1.75925 2.61573 -0.880383 0.474263 1 0.078472 0 6.96468e-06 -1.63823e-06 0.291164  2.30471
1.76986 2.63541 -0.879886 0.475184 1 0.0790624 0 7.01362e-06 -1.65283e-06 0.295489  2.32665
1.7805 2.65508 -0.879392 0.476099 1 0.0796524 0 7.0625e-06 -1.66743e-06 0.299837  2.34859
1.79116 2.67474 -0.8789 0.477007 1 0.0802422 0 7.11132e-06 -1.68204e-06 0.304208  2.37051
1.80183 2.69439 -0.87841 0.477908 1 0.0808316 0 7.16008e-06 -1.69665e-06 0.308601  2.39244
ZONE I=5
1.80183 2.69439 -0.87841 0.477908 1 0.0808316 0 7.16008e-06 -1.69665e-06 0.308601  2.39244
1.81253 2.71402 -0.877923 0.478803 1 0.0814207 0 7.20877e-06 -1.71127e-06 0.313016  2.41436
1.82324 2.73365 -0.877438 0.479691 1 0.0820094 0 7.25741e-06 -1.72588e-06 0.317454  2.43627
1.83398 2.75326 -0.876955 0.480572 1 0.0825979 0 7.30599e-06 -1.7405e-06 0.321914  2.45819
1.84474 2.77287 -0.876475 0.481447 1 0.083186 0 7.35451e-06 -1.75513e-06 0.326396  2.48009
ZONE I=5
1.84474 2.77287 -0.876475 0.481447 1 0.083186 0 7.35451e-06 -1.75513e-06 0.326396  2.48009
1.85551 2.79246 -0.875998 0.482316 1 0.0837738 0 7.40297e-06 -1.76975e-06 0.3309  2.50199
1.8663 2.81204 -0.875522 0.483178 1 0.0843612 0 7.45137e-06 -1.78438e-06 0.335425  2.52389
1.87712 2.83161 -0.87505 0.484033 1 0.0849484 0 7.49972e-06 -1.79901e-06 0.339972  2.54578
1.88795 2.85117 -0.87458 0.484882 1 0.0855352 0 7.54801e-06 -1.81364e-06 0.34454  2.56767
ZONE I=5
1.88795 2.85117 -0.87458 0.484882 1 0.0855352 0 7.54801e-06 -1.81364e-06 0.34454  2.56767
1.8988 2.87072 -0.874112 0.485725 1 0.0861217 0 7.59624e-06 -1.82827e-06 0.349129  2.58956
1.90967 2.89026 -0.873647 0.486561 1 0.0867079 0 7.64442e-06 -1.8429e-06 0.35374  2.61144
1.92056 2.90979 -0.873184 0.487391 1 0.0872938 0 7.69255e-06 -1.85753e-06 0.358371  2.63331
1.93147 2.92931 -0.872724 0.488215 1 0.0878794 0 7.74062e-06 -1.87217e-06 0.363023  2.65518
ZONE I=5
1.93147 2.92931 -0.872724 0.488215 1 0.0878794 0 7.74062e-06 -1.87217e-06 0.363023  2.65518
1.9424 2.94882 -0.872266 0.489032 1 0.0884647 0 7.78864e-06 -1.8868e-06 0.367695  2.67705
1.95334 2.96832 -0.871811 0.489843 1 0.0890497 0 7.83661e-06 -1.90143e-06 0.372388  2.69891
1.9643 2.98781 -0.871358 0.490648 1 0.0896343 0 7.88453e-06 -1.91607e-06 0.377101  2.72077
1.97528 3.00729 -0.870908 0.491447 1 0.0902187 0 7.93239e-06 -1.9307e-06 0.381834  2.74263
ZONE I=5
1.97528 3.00729 -0.870908 0.491447 1 0.0902187 0 7.93239e-06 -1.9307e-06 0.381834  2.74263
1.98628 3.02676 -0.87046 0.492239 1 0.0908028 0 7.9802e-06 -1.94533e-06 0.386587  2.76447
1.99729 3.04622 -0.870015 0.493025 1 0.0913865 0 8.02797e-06 -1.95996e-06 0.39136  2.78632
2.00833 3.06567 -0.869572 0.493806 1 0.09197 0 8.07568e-06 -1.97459e-06 0.396153  2.80816
2.01938 3.08511 -0.869132 0.49458 1 0.0925532 0 8.12335e-06 -1.98922e-06 0.400965  2.83
ZONE I=5
2.01938 3.08511 -0.869132 0.49458 1 0.0925532 0 8.12335e-06 -1.98922e-06 0.400965  2.83
2.03045 3.10454 -0.868695 0.495348 1 0.0931361 0 8.17097e-06 -2.00385e-06 0.405797  2.85183
2.04153 3.12395 -0.86826 0.49611 1 0.0937186 0 8.21854e-06 -2.01848e-06 0.410648  2.87366
2.05263 3.14336 -0.867827 0.496866 1 0.0943009 0 8.26606e-06 -2.0331e-06 0.415517  2.89548
2.06375 3.16276 -0.867397 0.497616 1 0.0948829 0 8.31354e-06 -2.04772e-06 0.420406  2.9173
ZONE I=5
2.06375 3.16276 -0.867397 0.497616 1 0.0948829 0 8.31354e-06 -2.04772e-06 0.420406  2.9173
2.07489 3.18216 -0.86697 0.498361 1 0.0954647 0 8.36097e-06 -2.06234e-06 0.425314  2.93912
2.08604 3.20154 -0.866545 0.499099 1 0.0960461 0 8.40836e-06 -2.07696e-06 0.43024  2.96093
2.09721 3.22091 -0.866123 0.499831 1 0.0966272 0 8.4557e-06 -2.09157e-06 0.435185  2.98273
2.10839 3.24027 -0.865703 0.500558 1 0.0972081 0 8.503e-06 -2.10618e-06 0.440148  3.00454
ZONE I=5
2.10839 3.24027 -0.865703 0.500558 1 0.0972081 0 8.503e-06 -2.10618e-06 0.440148  3.00454
2.11959 3.25962 -0.865286 0.501279 1 0.0977887 0 8.55025e-06 -2.12079e-06 0.445129  3.02633
2.13081 3.27897 -0.864871 0.501994 1 0.098369 0 8.59746e-06 -2.13539e-06 0.450129  3.04813
2.14204 3.2983 -0.864459 0.502703 1 0.098949 0 8.64463e-06 -2.14999e-06 0.455146  3.06992
2.15329 3.31763 -0.86405 0.503406 1 0.0995288 0 8.69176e-06 -2.16459e-06 0.460181  3.09171
ZONE I=5
2.15329 3.31763 -0.86405 0.503406 1 0.0995288 0 8.69176e-06 -2.16459e-06 0.460181  3.09171
2.16455 3.33694 -0.863643 0.504104 1 0.100108 0 8.73885e-06 -2.17919e-06 0.465234  3.11349
2.17583 3.35625 -0.863239 0.504796 1 0.100687 0 8.78589e-06 -2.19378e-06 0.470305  3.13527
2.18713 3.37555 -0.862837 0.505482 1 0.101266 0 8.8329e-06 -2.20836e-06 0.475392  3.15704
2.19844 3.39484 -0.862438 0.506163 1 0.101845 0 8.87987e-06 -2.22294e-06 0.480497  3.17881
ZONE I=5
2.19844 3.39484 -0.862438 0.506163 1 0.101845 0 8.87987e-06 -2.22294e-06 0.480497  3.17881
2.20976 3.41412 -0.862041 0.506838 1 0.102423 0 8.92679e-06 -2.23752e-06 0.485619  3.20057
2.22111 3.43339 -0.861647 0.507508 1 0.103002 0 8.97368e-06 -2.25209e-06 0.490758  3.22234
2.23246 3.45265 -0.861256 0.508172 1 0.103579 0 9.02054e-06 -2.26666e-06 0.495914  3.24409
2.24383 3.4719 -0.860867 0.50883 1 0.104157 0 9.06735e-06 -2.28122e-06 0.501087  3.26585
ZONE I=5
2.24383 3.4719 -0.860867 0.50883 1 0.104157 0 9.06735e-06 -2.28122e-06 0.501087  3.26585
2.25522 3.49115 -0.860481 0.509483 1 0.104734 0 9.11413e-06 -2.29578e-06 0.506276  3.2876
2.26662 3.51038 -0.860097 0.510131 1 0.105312 0 9.16088e-06 -2.31033e-06 0.511482  3.30934
2.27803 3.52961 -0.859716 0.510773 1 0.105888 0 9.20758e-06 -2.32488e-06 0.516704  3.33109
2.28946 3.54883 -0.859337 0.511409 1 0.106465 0 9.25426e-06 -2.33942e-06 0.521942  3.35283
ZONE I=5
2.28946 3.54883 -0.859337 0.511409 1 0.106465 0 9.25426e-06 -2.33942e-06 0.521942  3.35283
2.3009 3.56804 -0.858961 0.512041 1 0.107041 0 9.30089e-06 -2.35396e-06 0.527196  3.37456
2.31236 3.58725 -0.858588 0.512667 1 0.107617 0 9.3475e-06 -2.36849e-06 0.532466  3.39629
2.32383 3.60644 -0.858217 0.513287 1 0.108193 0 9.39407e-06 -2.38302e-06 0.537752  3.41802
2.33531 3.62563 -0.857849 0.513903 1 0.108769 0 9.44061e-06 -2.39754e-06 0.543053  3.43974
ZONE I=5
2.33531 3.62563 -0.857849 0.513903 1 0.108769 0 9.44061e-06 -2.39754e-06 0.543053  3.43974
2.34681 3.6448 -0.857483 0.514512 1 0.109344 0 9.48712e-06 -2.41205e-06 0.54837  3.46146
2.35832 3.66397 -0.85712 0.515117 1 0.109919 0 9.53359e-06 -2.42656e-06 0.553703  3.48317
2.36985 3.68313 -0.856759 0.515717 1 0.110494 0 9.58003e-06 -2.44106e-06 0.55905  3.50489
2.38138 3.70229 -0.856401 0.516311 1 0.111069 0 9.62645e-06 -2.45556e-06 0.564413  3.52659
ZONE I=5
2.38138 3.70229 -0.856401 0.516311 1 0.111069 0 9.62645e-06 -2.45556e-06 0.564413  3.52659
2.39294 3.72143 -0.856046 0.5169 1 0.111643 0 9.67283e-06 -2.47005e-06 0.569791  3.5483
2.4045 3.74057 -0.855693 0.517484 1 0.112217 0 9.71918e-06 -2.48453e-06 0.575183  3.57
2.41608 3.7597 -0.855342 0.518063 1 0.112791 0 9.76551e-06 -2.49901e-06 0.580591  3.5917
2.42767 3.77882 -0.854995 0.518637 1 0.113365 0 9.81181e-06 -2.51348e-06 0.586013  3.61339
ZONE I=5
2.42767 3.77882 -0.854995 0.518637 1 0.113365 0 9.81181e-06 -2.51348e-06 0.586013  3.61339
2.43927 3.79794 -0.854649 0.519206 1 0.113938 0 9.85807e-06 -2.52794e-06 0.591449  3.63508
2.45089 3.81704 -0.854307 0.519769 1 0.114511 0 9.90431e-06 -2.54239e-06 0.5969  3.65676
2.46252 3.83614 -0.853967 0.520328 1 0.115084 0 9.95053e-06 -2.55684e-06 0.602365  3.67845
2.47416 3.85523 -0.853629 0.520882 1 0.115657 0 9.99672e-06 -2.57128e-06 0.607844  3.70013
ZONE I=5
2.47416 3.85523 -0.853629 0.520882 1 0.115657 0 9.99672e-06 -2.57128e-06 0.607844  3.70013
2.48581 3.87432 -0.853294 0.52143 1 0.11623 0 1.00429e-05 -2.58572e-06 0.613337  3.7218
2.49748 3.8934 -0.852961 0.521974 1 0.116802 0 1.0089e-05 -2.60015e-06 0.618844  3.74347
2.50915 3.91246 -0.852631 0.522513 1 0.117374 0 1.01351e-05 -2.61457e-06 0.624365  3.76514
2.52084 3.93153 -0.852304 0.523047 1 0.117946 0 1.01812e-05 -2.62898e-06 0.6299  3.78681
ZONE I=5
2.52084 3.93153 -0.852304 0.523047 1 0.117946 0 1.01812e-05 -2.62898e-06 0.6299  3.78681
2.53255 3.95058 -0.851979 0.523576 1 0.118517 0 1.02273e-05 -2.64339e-06 0.635448  3.80847
2.54426 3.96963 -0.851657 0.5241 1 0.119089 0 1.02733e-05 -2.65778e-06 0.641009  3.83013
2.55598 3.98867 -0.851337 0.524619 1 0.11966 0 1.03193e-05 -2.67217e-06 0.646584  3.85178
2.56772 4.0077 -0.851019 0.525134 1 0.120231 0 1.03653e-05 -2.68656e-06 0.652171  3.87343
ZONE I=5
2.56772 4.0077 -0.851019 0.525134 1 0.120231 0 1.03653e-05 -2.68656e-06 0.652171  3.87343
2.57947 4.02673 -0.850705 0.525644 1 0.120802 0 1.04113e-05 -2.70093e-06 0.657772  3.89508
2.59123 4.04574 -0.850392 0.526149 1 0.121372 0 1.04572e-05 -2.7153e-06 0.663386  3.91672
2.603 4.06476 -0.850082 0.52665 1 0.121943 0 1.05032e-05 -2.72966e-06 0.669012  3.93836
2.61478 4.08376 -0.849775 0.527145 1 0.122513 0 1.05491e-05 -2.74401e-06 0.674652  3.96
ZONE I=5
2.61478 4.08376 -0.849775 0.527145 1 0.122513 0 1.05491e-05 -2.74401e-06 0.674652  3.96
2.62657 4.10276 -0.84947 0.527636 1 0.123083 0 1.0595e-05 -2.75836e-06 0.680303  3.98164
2.63838 4.12175 -0.849168 0.528123 1 0.123653 0 1.06408e-05 -2.77269e-06 0.685968  4.00327
2.65019 4.14073 -0.848868 0.528605 1 0.124222 0 1.06867e-05 -2.78702e-06 0.691644  4.0249
2.66202 4.15971 -0.848571 0.529082 1 0.124791 0 1.07325e-05 -2.80134e-06 0.697333  4.04652
ZONE I=5
2.66202 4.15971 -0.848571 0.529082 1 0.124791 0 1.07325e-05 -2.80134e-06 0.697333  4.04652
2.67385 4.17868 -0.848276 0.529555 1 0.125361 0 1.07783e-05 -2.81565e-06 0.703034  4.06814
2.6857 4.19765 -0.847983 0.530023 1 0.125929 0 1.08241e-05 -2.82995e-06 0.708747  4.08976
2.69756 4.21661 -0.847694 0.530486 1 0.126498 0 1.08699e-05 -2.84425e-06 0.714471  4.11138
2.70942 4.23556 -0.847406 0.530945 1 0.127067 0 1.09156e-05 -2.85853e-06 0.720208  4.13299
ZONE I=5
2.70942 4.23556 -0.847406 0.530945 1 0.127067 0 1.09156e-05 -2.85853e-06 0.720208  4.13299
2.7213 4.2545 -0.847121 0.5314 1 0.127635 0 1.09614e-05 -2.87281e-06 0.725956  4.1546
2.73319 4.27344 -0.846838 0.53185 1 0.128203 0 1.10071e-05 -2.88708e-06 0.731716  4.1762
2.74508 4.29238 -0.846558 0.532296 1 0.128771 0 1.10528e-05 -2.90134e-06 0.737487  4.19781
2.75699 4.3113 -0.84628 0.532738 1 0.129339 0 1.10985e-05 -2.9156e-06 0.743269  4.21941
ZONE I=5
2.75699 4.3113 -0.84628 0.532738 1 0.129339 0 1.10985e-05 -2.9156e-06 0.743269  4.21941
2.76891 4.33022 -0.846005 0.533175 1 0.129907 0 1.11442e-05 -2.92984e-06 0.749063  4.241
2.78084 4.34914 -0.845732 0.533607 1 0.130474 0 1.11899e-05 -2.94408e-06 0.754868  4.2626
2.79277 4.36804 -0.845462 0.534036 1 0.131041 0 1.12355e-05 -2.9583e-06 0.760683  4.28419
2.80472 4.38695 -0.845194 0.53446 1 0.131608 0 1.12812e-05 -2.97252e-06 0.76651  4.30578
ZONE I=5
2.80472 4.38695 -0.845194 0.53446 1 0.131608 0 1.12812e-05 -2.97252e-06 0.76651  4.30578
2.81667 4.40584 -0.844928 0.53488 1 0.132175 0 1.13268e-05 -2.98673e-06 0.772347  4.32736
2.82864 4.42473 -0.844665 0.535295 1 0.132742 0 1.13724e-05 -3.00093e-06 0.778195  4.34894
2.84061 4.44362 -0.844404 0.535707 1 0.133309 0 1.1418e-05 -3.01512e-06 0.784054  4.37052
2.8526 4.4625 -0.844146 0.536114 1 0.133875 0 1.14636e-05 -3.02931e-06 0.789923  4.3921
ZONE I=5
2.8526 4.4625 -0.844146 0.536114 1 0.133875 0 1.14636e-05 -3.02931e-06 0.789923  4.3921
2.86459 4.48137 -0.84389 0.536517 1 0.134441 0 1.15092e-05 -3.04348e-06 0.795803  4.41367
2.87659 4.50023 -0.843636 0.536916 1 0.135007 0 1.15547e-05 -3.05765e-06 0.801692  4.43524
2.8886 4.5191 -0.843385 0.53731 1 0.135573 0 1.16003e-05 -3.07181e-06 0.807592  4.45681
2.90062 4.53795 -0.843136 0.537701 1 0.136139 0 1.16458e-05 -3.08595e-06 0.813502  4.47838
ZONE I=5
2.90062 4.53795 -0.843136 0.537701 1 0.136139 0 1.16458e-05 -3.08595e-06 0.813502  4.47838
2.91265 4.5568 -0.842889 0.538088 1 0.136704 0 1.16914e-05 -3.10009e-06 0.819422  4.49994
2.92468 4.57565 -0.842645 0.53847 1 0.137269 0 1.17369e-05 -3.11422e-06 0.825351  4.5215
2.93673 4.59449 -0.842403 0.538849 1 0.137835 0 1.17824e-05 -3.12835e-06 0.831291  4.54306
2.94878 4.61332 -0.842163 0.539223 1 0.1384 0 1.18279e-05 -3.14246e-06 0.83724  4.56461
ZONE I=5
2.94878 4.61332 -0.842163 0.539223 1 0.1384 0 1.18279e-05 -3.14246e-06 0.83724  4.56461
2.96084 4.63215 -0.841926 0.539593 1 0.138964 0 1.18734e-05 -3.15656e-06 0.843198  4.58617
2.97291 4.65097 -0.841691 0.53996 1 0.139529 0 1.19189e-05 -3.17066e-06 0.849166  4.60771
2.98499 4.66979 -0.841458 0.540323 1 0.140094 0 1.19644e-05 -3.18474e-06 0.855144  4.62926
2.99708 4.6886 -0.841228 0.540681 1 0.140658 0 1.20098e-05 -3.19882e-06 0.86113  4.65081
ZONE I=5
2.99708 4.6886 -0.841228 0.540681 1 0.140658 0 1.20098e-05 -3.19882e-06 0.86113  4.65081
3.00917 4.70741 -0.840999 0.541036 1 0.141222 0 1.20553e-05 -3.21289e-06 0.867126  4.67235
3.02127 4.72621 -0.840774 0.541387 1 0.141786 0 1.21008e-05 -3.22694e-06 0.873131  4.69389
3.03338 4.74501 -0.84055 0.541734 1 0.14235 0 1.21462e-05 -3.24099e-06 0.879144  4.71542
3.0455 4.7638 -0.840329 0.542077 1 0.142914 0 1.21917e-05 -3.25503e-06 0.885167  4.73696
ZONE I=5
3.0455 4.7638 -0.840329 0.542077 1 0.142914 0 1.21917e-05 -3.25503e-06 0.885167  4.73696
3.05762 4.78259 -0.84011 0.542416 1 0.143478 0 1.22371e-05 -3.26906e-06 0.891198  4.75849
3.06976 4.80138 -0.839893 0.542752 1 0.144041 0 1.22825e-05 -3.28309e-06 0.897238  4.78002
3.0819 4.82015 -0.839678 0.543084 1 0.144605 0 1.2328e-05 -3.2971e-06 0.903286  4.80155
3.09404 4.83893 -0.839466 0.543412 1 0.145168 0 1.23734e-05 -3.3111e-06 0.909343  4.82307
ZONE I=5
3.09404 4.83893 -0.839466 0.543412 1 0.145168 0 1.23734e-05 -3.3111e-06 0.909343  4.82307
3.1062 4.8577 -0.839256 0.543737 1 0.145731 0 1.24188e-05 -3.3251e-06 0.915409  4.84459
3.11836 4.87646 -0.839048 0.544057 1 0.146294 0 1.24642e-05 -3.33908e-06 0.921482  4.86611
3.13053 4.89522 -0.838842 0.544375 1 0.146857 0 1.25097e-05 -3.35306e-06 0.927564  4.88763
3.14271 4.91397 -0.838639 0.544688 1 0.147419 0 1.25551e-05 -3.36703e-06 0.933654  4.90915
ZONE I=5
3.14271 4.91397 -0.838639 0.544688 1 0.147419 0 1.25551e-05 -3.36703e-06 0.933654  4.90915
3.15489 4.93272 -0.838437 0.544998 1 0.147982 0 1.26005e-05 -3.38099e-06 0.939752  4.93066
3.16708 4.95147 -0.838238 0.545304 1 0.148544 0 1.26459e-05 -3.39494e-06 0.945857  4.95217
3.17928 4.97021 -0.838041 0.545607 1 0.149106 0 1.26913e-05 -3.40888e-06 0.951971  4.97368
3.19148 4.98895 -0.837847 0.545906 1 0.149668 0 1.27367e-05 -3.42281e-06 0.958092  4.99519
ZONE I=5
3.19148 4.98895 -0.837847 0.545906 1 0.149668 0 1.27367e-05 -3.42281e-06 0.958092  4.99519
3.20369 5.00768 -0.837654 0.546201 1 0.15023 0 1.27821e-05 -3.43673e-06 0.964221  5.01669
3.21591 5.02641 -0.837463 0.546494 1 0.150792 0 1.28275e-05 -3.45064e-06 0.970358  5.03819
3.22813 5.04513 -0.837275 0.546782 1 0.151354 0 1.28729e-05 -3.46455e-06 0.976501  5.05969
3.24036 5.06385 -0.837089 0.547067 1 0.151916 0 1.29183e-05 -3.47844e-06 0.982653  5.08119
ZONE I=5
3.24036 5.06385 -0.837089 0.547067 1 0.151916 0 1.29183e-05 -3.47844e-06 0.982653  5.08119
3.25259 5.08257 -0.836904 0.547349 1 0.152477 0 1.29637e-05 -3.49233e-06 0.988811  5.10269
3.26484 5.10128 -0.836722 0.547627 1 0.153038 0 1.30091e-05 -3.5062e-06 0.994977  5.12418
3.27708 5.11999 -0.836542 0.547902 1 0.1536 0 1.30545e-05 -3.52007e-06 1.00115  5.14567
3.28934 5.13869 -0.836364 0.548174 1 0.154161 0 1.30999e-05 -3.53393e-06 1.00733  5.16716
ZONE I=5
3.28934 5.13869 -0.836364 0.548174 1 0.154161 0 1.30999e-05 -3.53393e-06 1.00733  5.16716
3.3016 5.15739 -0.836189 0.548442 1 0.154722 0 1.31452e-05 -3.54778e-06 1.01352  5.18865
3.31387 5.17609 -0.836015 0.548707 1 0.155283 0 1.31906e-05 -3.56162e-06 1.01971  5.21013
3.32614 5.19478 -0.835843 0.548968 1 0.155843 0 1.3236e-05 -3.57545e-06 1.02591  5.23162
3.33842 5.21347 -0.835673 0.549227 1 0.156404 0 1.32814e-05 -3.58927e-06 1.03212  5.2531
ZONE I=5
3.33842 5.21347 -0.835673 0.549227 1 0.156404 0 1.32814e-05 -3.58927e-06 1.03212  5.2531
3.3507 5.23215 -0.835506 0.549482 1 0.156965 0 1.33268e-05 -3.60308e-06 1.03833  5.27458
3.36299 5.25083 -0.83534 0.549734 1 0.157525 0 1.33722e-05 -3.61689e-06 1.04455  5.29606
3.37529 5.26951 -0.835176 0.549982 1 0.158085 0 1.34176e-05 -3.63068e-06 1.05078  5.31753
3.38759 5.28818 -0.835015 0.550227 1 0.158645 0 1.3463e-05 -3.64447e-06 1.05701  5.33901
ZONE I=5
3.38759 5.28818 -0.835015 0.550227 1 0.158645 0 1.3463e-05 -3.64447e-06 1.05701  5.33901
3.39989 5.30685 -0.834855 0.55047 1 0.159206 0 1.35085e-05 -3.65824e-06 1.06325  5.36048
3.4122 5.32552 -0.834697 0.550709 1 0.159766 0 1.35539e-05 -3.67201e-06 1.0695  5.38195
3.42452 5.34418 -0.834542 0.550945 1 0.160325 0 1.35993e-05 -3.68577e-06 1.07575  5.40342
3.43684 5.36284 -0.834388 0.551177 1 0.160885 0 1.36447e-05 -3.69952e-06 1.082  5.42489
ZONE I=5
3.43684 5.36284 -0.834388 0.551177 1 0.160885 0 1.36447e-05 -3.69952e-06 1.082  5.42489
3.44917 5.3815 -0.834236 0.551407 1 0.161445 0 1.36901e-05 -3.71326e-06 1.08827  5.44635
3.4615 5.40015 -0.834086 0.551634 1 0.162004 0 1.37355e-05 -3.727e-06 1.09454  5.46782
3.47384 5.4188 -0.833938 0.551857 1 0.162564 0 1.3781e-05 -3.74072e-06 1.10081  5.48928
3.48618 5.43744 -0.833792 0.552078 1 0.163123 0 1.38264e-05 -3.75443e-06 1.10709  5.51074
ZONE I=5
3.48618 5.43744 -0.833792 0.552078 1 0.163123 0 1.38264e-05 -3.75443e-06 1.10709  5.51074
3.49853 5.45609 -0.833648 0.552296 1 0.163683 0 1.38718e-05 -3.76814e-06 1.11338  5.5322
3.51088 5.47472 -0.833506 0.55251 1 0.164242 0 1.39173e-05 -3.78184e-06 1.11967  5.55366
3.52324 5.49336 -0.833366 0.552722 1 0.164801 0 1.39627e-05 -3.79552e-06 1.12597  5.57511
3.5356 5.51199 -0.833227 0.552931 1 0.16536 0 1.40082e-05 -3.8092e-06 1.13227  5.59657
ZONE I=5
3.5356 5.51199 -0.833227 0.552931 1 0.16536 0 1.40082e-05 -3.8092e-06 1.13227  5.59657
3.54797 5.53062 -0.833091 0.553136 1 0.165919 0 1.40536e-05 -3.82287e-06 1.13858  5.61802
3.56034 5.54925 -0.832956 0.553339 1 0.166478 0 1.40991e-05 -3.83654e-06 1.1449  5.63947
3.57271 5.56787 -0.832823 0.553539 1 0.167036 0 1.41446e-05 -3.85019e-06 1.15121  5.66092
3.58509 5.5865 -0.832692 0.553737 1 0.167595 0 1.41901e-05 -3.86383e-06 1.15754  5.68237
ZONE I=5
3.58509 5.5865 -0.832692 0.553737 1 0.167595 0 1.41901e-05 -3.86383e-06 1.15754  5.68237
3.59748 5.60511 -0.832563 0.553931 1 0.168153 0 1.42355e-05 -3.87747e-06 1.16387  5.70381
3.60986 5.62373 -0.832435 0.554123 1 0.168712 0 1.4281e-05 -3.8911e-06 1.1702  5.72526
3.62226 5.64234 -0.832309 0.554311 1 0.16927 0 1.43265e-05 -3.90471e-06 1.17654  5.7467
3.63465 5.66095 -0.832185 0.554497 1 0.169829 0 1.4372e-05 -3.91832e-06 1.18288  5.76814
ZONE I=5
3.63465 5.66095 -0.832185 0.554497 1 0.169829 0 1.4372e-05 -3.91832e-06 1.18288  5.76814
3.64706 5.67956 -0.832063 0.554681 1 0.170387 0 1.44175e-05 -3.93192e-06 1.18923  5.78958
3.65946 5.69816 -0.831943 0.554861 1 0.170945 0 1.4463e-05 -3.94552e-06 1.19558  5.81102
3.67187 5.71676 -0.831824 0.555039 1 0.171503 0 1.45086e-05 -3.9591e-06 1.20194  5.83246
3.68428 5.73536 -0.831707 0.555214 1 0.172061 0 1.45541e-05 -3.97268e-06 1.2083  5.8539
ZONE I=5
3.68428 5.73536 -0.831707 0.555214 1 0.172061 0 1.45541e-05 -3.97268e-06 1.2083  5.8539
3.6967 5.75396 -0.831592 0.555387 1 0.172619 0 1.45996e-05 -3.98624e-06 1.21467  5.87533
3.70912 5.77255 -0.831479 0.555557 1 0.173177 0 1.46452e-05 -3.9998e-06 1.22104  5.89677
3.72154 5.79114 -0.831367 0.555724 1 0.173734 0 1.46907e-05 -4.01335e-06 1.22742  5.9182
3.73397 5.80973 -0.831257 0.555889 1 0.174292 0 1.47363e-05 -4.0269e-06 1.2338  5.93963
ZONE I=5
3.73397 5.80973 -0.831257 0.555889 1 0.174292 0 1.47363e-05 -4.0269e-06 1.2338  5.93963
3.7464 5.82832 -0.831148 0.556051 1 0.17485 0 1.47818e-05 -4.04043e-06 1.24018  5.96106
3.75884 5.8469 -0.831042 0.55621 1 0.175407 0 1.48274e-05 -4.05395e-06 1.24657  5.98249
3.77128 5.86548 -0.830937 0.556367 1 0.175965 0 1.4873e-05 -4.06747e-06 1.25296  6.00392
3.78372 5.88406 -0.830833 0.556522 1 0.176522 0 1.49186e-05 -4.08098e-06 1.25936  6.02534
ZONE I=5
3.78372 5.88406 -0.830833 0.556522 1 0.176522 0 1.49186e-05 -4.08098e-06 1.25936  6.02534
3.79617 5.90264 -0.830731 0.556674 1 0.177079 0 1.49642e-05 -4.09448e-06 1.26576  6.04677
3.80862 5.92121 -0.830631 0.556823 1 0.177636 0 1.50098e-05 -4.10797e-06 1.27216  6.06819
3.82107 5.93979 -0.830532 0.55697 1 0.178194 0 1.50554e-05 -4.12146e-06 1.27857  6.08961
3.83352 5.95836 -0.830435 0.557115 1 0.178751 0 1.51011e-05 -4.13493e-06 1.28498  6.11104
ZONE I=5
3.83352 5.95836 -0.830435 0.557115 1 0.178751 0 1.51011e-05 -4.13493e-06 1.28498  6.11104
3.84598 5.97692 -0.83034 0.557257 1 0.179308 0 1.51467e-05 -4.1484e-06 1.2914  6.13246
3.85845 5.99549 -0.830246 0.557397 1 0.179865 0 1.51923e-05 -4.16186e-06 1.29782  6.15388
3.87091 6.01405 -0.830154 0.557535 1 0.180422 0 1.5238e-05 -4.17531e-06 1.30424  6.17529
3.88338 6.03262 -0.830063 0.55767 1 0.180978 0 1.52837e-05 -4.18876e-06 1.31067  6.19671
ZONE I=5
3.88338 6.03262 -0.830063 0.55767 1 0.180978 0 1.52837e-05 -4.18876e-06 1.31067  6.19671
3.89585 6.05118 -0.829974 0.557803 1 0.181535 0 1.53293e-05 -4.20219e-06 1.3171  6.21813
3.90833 6.06973 -0.829886 0.557933 1 0.182092 0 1.5375e-05 -4.21562e-06 1.32353  6.23954
3.9208 6.08829 -0.8298 0.558061 1 0.182649 0 1.54207e-05 -4.22904e-06 1.32996  6.26096
3.93328 6.10684 -0.829715 0.558187 1 0.183205 0 1.54664e-05 -4.24245e-06 1.3364  6.28237
ZONE I=5
3.93328 6.10684 -0.829715 0.558187 1 0.183205 0 1.54664e-05 -4.24245e-06 1.3364  6.28237
3.94577 6.1254 -0.829632 0.558311 1 0.183762 0 1.55122e-05 -4.25586e-06 1.34285  6.30378
3.95825 6.14395 -0.82955 0.558432 1 0.184318 0 1.55579e-05 -4.26925e-06 1.34929  6.32519
3.97074 6.16249 -0.82947 0.558552 1 0.184875 0 1.56036e-05 -4.28264e-06 1.35574  6.3466
3.98323 6.18104 -0.829391 0.558669 1 0.185431 0 1.56494e-05 -4.29602e-06 1.36219  6.36801
ZONE I=5
3.98323 6.18104 -0.829391 0.558669 1 0.185431 0 1.56494e-05 -4.29602e-06 1.36219  6.36801
3.99572 6.19959 -0.829313 0.558784 1 0.185988 0 1.56951e-05 -4.3094e-06 1.36865  6.38942
4.00822 6.21813 -0.829237 0.558897 1 0.186544 0 1.57409e-05 -4.32276e-06 1.37511  6.41083
4.02072 6.23667 -0.829163 0.559007 1 0.1871 0 1.57867e-05 -4.33612e-06 1.38157  6.43224
4.03322 6.25521 -0.829089 0.559116 1 0.187656 0 1.58325e-05 -4.34947e-06 1.38803  6.45364
ZONE I=5
4.03322 6.25521 -0.829089 0.559116 1 0.187656 0 1.58325e-05 -4.34947e-06 1.38803  6.45364
4.04572 6.27375 -0.829018 0.559223 1 0.188212 0 1.58783e-05 -4.36281e-06 1.3945  6.47505
4.05823 6.29228 -0.828947 0.559327 1 0.188769 0 1.59241e-05 -4.37615e-06 1.40097  6.49645
4.07074 6.31082 -0.828878 0.559429 1 0.189325 0 1.59699e-05 -4.38948e-06 1.40744  6.51786
4.08325 6.32935 -0.82881 0.55953 1 0.189881 0 1.60157e-05 -4.4028e-06 1.41391  6.53926
ZONE I=5
4.08325 6.32935 -0.82881 0.55953 1 0.189881 0 1.60157e-05 -4.4028e-06 1.41391  6.53926
4.09576 6.34789 -0.828744 0.559628 1 0.190437 0 1.60616e-05 -4.41611e-06 1.42039  6.56066
4.10827 6.36642 -0.828679 0.559725 1 0.190992 0 1.61074e-05 -4.42942e-06 1.42687  6.58206
4.12079 6.38494 -0.828615 0.559819 1 0.191548 0 1.61533e-05 -4.44272e-06 1.43335  6.60346
4.13331 6.40347 -0.828552 0.559912 1 0.192104 0 1.61992e-05 -4.45601e-06 1.43984  6.62486
ZONE I=5
4.13331 6.40347 -0.828552 0.559912 1 0.192104 0 1.61992e-05 -4.45601e-06 1.43984  6.62486
4.14583 6.422 -0.828491 0.560002 1 0.19266 0 1.62451e-05 -4.4693e-06 1.44632  6.64626
4.15835 6.44052 -0.828431 0.560091 1 0.193216 0 1.6291e-05 -4.48257e-06 1.45281  6.66766
4.17088 6.45905 -0.828372 0.560178 1 0.193771 0 1.63369e-05 -4.49584e-06 1.45931  6.68906
4.18341 6.47757 -0.828315 0.560263 1 0.194327 0 1.63828e-05 -4.50911e-06 1.4658  6.71046
ZONE I=5
4.18341 6.47757 -0.828315 0.560263 1 0.194327 0 1.63828e-05 -4.50911e-06 1.4658  6.71046
4.19593 6.49609 -0.828259 0.560346 1 0.194883 0 1.64287e-05 -4.52237e-06 1.47229  6.73185
4.20847 6.51461 -0.828204 0.560427 1 0.195438 0 1.64747e-05 -4.53562e-06 1.47879  6.75325
4.221 6.53313 -0.82815 0.560507 1 0.195994 0 1.65206e-05 -4.54886e-06 1.48529  6.77464
4.23353 6.55165 -0.828097 0.560585 1 0.196549 0 1.65666e-05 -4.56209e-06 1.49179  6.79604
ZONE I=5
4.23353 6.55165 -0.828097 0.560585 1 0.196549 0 1.65666e-05 -4.56209e-06 1.49179  6.79604
4.24607 6.57016 -0.828046 0.560661 1 0.197105 0 1.66126e-05 -4.57532e-06 1.4983  6.81743
4.25861 6.58868 -0.827995 0.560735 1 0.19766 0 1.66586e-05 -4.58855e-06 1.5048  6.83882
4.27114 6.60719 -0.827946 0.560808 1 0.198216 0 1.67046e-05 -4.60176e-06 1.51131  6.86022
4.28369 6.6257 -0.827898 0.560879 1 0.198771 0 1.67506e-05 -4.61497e-06 1.51782  6.88161
ZONE I=5
4.28369 6.6257 -0.827898 0.560879 1 0.198771 0 1.67506e-05 -4.61497e-06 1.51782  6.88161
4.29623 6.64422 -0.827851 0.560948 1 0.199327 0 1.67966e-05 -4.62818e-06 1.52433  6.903
4.30877 6.66273 -0.827805 0.561015 1 0.199882 0 1.68427e-05 -4.64137e-06 1.53085  6.92439
4.32132 6.68124 -0.827761 0.561081 1 0.200437 0 1.68887e-05 -4.65456e-06 1.53736  6.94578
4.33386 6.69975 -0.827717 0.561146 1 0.200992 0 1.69348e-05 -4.66775e-06 1.54388  6.96717
ZONE I=5
4.33386 6.69975 -0.827717 0.561146 1 0.200992 0 1.69348e-05 -4.66775e-06 1.54388  6.96717
4.34641 6.71825 -0.827675 0.561208 1 0.201548 0 1.69808e-05 -4.68092e-06 1.5504  6.98856
4.35896 6.73676 -0.827633 0.56127 1 0.202103 0 1.70269e-05 -4.69409e-06 1.55692  7.00995
4.37151 6.75527 -0.827593 0.561329 1 0.202658 0 1.7073e-05 -4.70726e-06 1.56344  7.03134
4.38407 6.77377 -0.827553 0.561387 1 0.203213 0 1.71191e-05 -4.72042e-06 1.56996  7.05273
ZONE I=5
4.38407 6.77377 -0.827553 0.561387 1 0.203213 0 1.71191e-05 -4.72042e-06 1.56996  7.05273
4.39662 6.79228 -0.827515 0.561444 1 0.203768 0 1.71652e-05 -4.73357e-06 1.57649  7.07411
4.40917 6.81078 -0.827477 0.561499 1 0.204323 0 1.72114e-05 -4.74672e-06 1.58301  7.0955
4.42173 6.82928 -0.827441 0.561553 1 0.204878 0 1.72575e-05 -4.75986e-06 1.58954  7.11689
4.43429 6.84778 -0.827406 0.561605 1 0.205434 0 1.73037e-05 -4.77299e-06 1.59607  7.13827
ZONE I=5
4.43429 6.84778 -0.827406 0.561605 1 0.205434 0 1.73037e-05 -4.77299e-06 1.59607  7.13827
4.44685 6.86628 -0.827371 0.561655 1 0.205989 0 1.73498e-05 -4.78612e-06 1.6026  7.15966
4.45941 6.88478 -0.827338 0.561705 1 0.206544 0 1.7396e-05 -4.79924e-06 1.60913  7.18105
4.47197 6.90328 -0.827305 0.561753 1 0.207099 0 1.74422e-05 -4.81236e-06 1.61566  7.20243
4.48453 6.92178 -0.827274 0.561799 1 0.207653 0 1.74884e-05 -4.82547e-06 1.6222  7.22382
ZONE I=5
4.48453 6.92178 -0.827274 0.561799 1 0.207653 0 1.74884e-05 -4.82547e-06 1.6222  7.22382
4.49709 6.94028 -0.827243 0.561844 1 0.208208 0 1.75346e-05 -4.83857e-06 1.62873  7.2452
4.50965 6.95878 -0.827213 0.561888 1 0.208763 0 1.75808e-05 -4.85167e-06 1.63527  7.26658
4.52222 6.97728 -0.827184 0.561931 1 0.209318 0 1.7627e-05 -4.86477e-06 1.64181  7.28797
4.53478 6.99577 -0.827156 0.561972 1 0.209873 0 1.76733e-05 -4.87786e-06 1.64834  7.30935
ZONE I=5
4.53478 6.99577 -0.827156 0.561972 1 0.209873 0 1.76733e-05 -4.87786e-06 1.64834  7.30935
4.54735 7.01427 -0.827129 0.562012 1 0.210428 0 1.77195e-05 -4.89094e-06 1.65488  7.33073
4.55992 7.03276 -0.827103 0.562051 1 0.210983 0 1.77658e-05 -4.90402e-06 1.66142  7.35212
4.57249 7.05126 -0.827077 0.562088 1 0.211538 0 1.78121e-05 -4.91709e-06 1.66797  7.3735
4.58506 7.06975 -0.827053 0.562125 1 0.212092 0 1.78584e-05 -4.93016e-06 1.67451  7.39488
ZONE I=5
4.58506 7.06975 -0.827053 0.562125 1 0.212092 0 1.78584e-05 -4.93016e-06 1.67451  7.39488
4.59763 7.08824 -0.827029 0.56216 1 0.212647 0 1.79047e-05 -4.94322e-06 1.68105  7.41626
4.6102 7.10674 -0.827006 0.562194 1 0.213202 0 1.7951e-05 -4.95628e-06 1.6876  7.43765
4.62277 7.12523 -0.826983 0.562226 1 0.213757 0 1.79973e-05 -4.96933e-06 1.69414  7.45903
4.63534 7.14372 -0.826962 0.562258 1 0.214312 0 1.80436e-05 -4.98238e-06 1.70069  7.48041
ZONE I=5
4.63534 7.14372 -0.826962 0.562258 1 0.214312 0 1.80436e-05 -4.98238e-06 1.70069  7.48041
4.64791 7.16221 -0.826941 0.562289 1 0.214866 0 1.80899e-05 -4.99542e-06 1.70723  7.50179
4.66049 7.1807 -0.826921 0.562318 1 0.215421 0 1.81363e-05 -5.00846e-06 1.71378  7.52317
4.67306 7.19919 -0.826902 0.562346 1 0.215976 0 1.81826e-05 -5.02149e-06 1.72033  7.54455
4.68564 7.21768 -0.826883 0.562374 1 0.21653 0 1.8229e-05 -5.03452e-06 1.72688  7.56593
ZONE I=5
4.68564 7.21768 -0.826883 0.562374 1 0.21653 0 1.8229e-05 -5.03452e-06 1.72688  7.56593
4.69821 7.23617 -0.826865 0.5624 1 0.217085 0 1.82754e-05 -5.04754e-06 1.73343  7.58731
4.71079 7.25466 -0.826848 0.562425 1 0.21764 0 1.83218e-05 -5.06056e-06 1.73998  7.60869
4.72336 7.27315 -0.826832 0.56245 1 0.218194 0 1.83682e-05 -5.07358e-06 1.74653  7.63007
4.73594 7.29164 -0.826816 0.562473 1 0.218749 0 1.84146e-05 -5.08659e-06 1.75308  7.65145
ZONE I=5
4.73594 7.29164 -0.826816 0.562473 1 0.218749 0 1.84146e-05 -5.08659e-06 1.75308  7.65145
4.74852 7.31013 -0.8268 0.562495 1 0.219304 0 1.8461e-05 -5.09959e-06 1.75963  7.67283
4.7611 7.32861 -0.826786 0.562517 1 0.219858 0 1.85074e-05 -5.1126e-06 1.76619  7.69421
4.77367 7.3471 -0.826772 0.562537 1 0.220413 0 1.85538e-05 -5.12559e-06 1.77274  7.71559
4.78625 7.36559 -0.826759 0.562557 1 0.220968 0 1.86003e-05 -5.13859e-06 1.77929  7.73696
ZONE I=5
4.78625 7.36559 -0.826759 0.562557 1 0.220968 0 1.86003e-05 -5.13859e-06 1.77929  7.73696
4.79883 7.38407 -0.826746 0.562576 1 0.221522 0 1.86467e-05 -5.15158e-06 1.78585  7.75834
4.81141 7.40256 -0.826734 0.562594 1 0.222077 0 1.86932e-05 -5.16456e-06 1.7924  7.77972
4.82399 7.42105 -0.826722 0.562611 1 0.222631 0 1.87397e-05 -5.17754e-06 1.79896  7.8011
4.83657 7.43953 -0.826711 0.562627 1 0.223186 0 1.87861e-05 -5.19052e-06 1.80551  7.82248
ZONE I=5
4.83657 7.43953 -0.826711 0.562627 1 0.223186 0 1.87861e-05 -5.19052e-06 1.80551  7.82248
4.84915 7.45802 -0.8267 0.562642 1 0.223741 0 1.88326e-05 -5.2035e-06 1.81207  7.84386
4.86174 7.4765 -0.82669 0.562657 1 0.224295 0 1.88791e-05 -5.21647e-06 1.81863  7.86523
4.87432 7.49499 -0.826681 0.562671 1 0.22485 0 1.89256e-05 -5.22943e-06 1.82518  7.88661
4.8869 7.51347 -0.826672 0.562684 1 0.225404 0 1.89721e-05 -5.2424e-06 1.83174  7.90799
ZONE I=5
4.8869 7.51347 -0.826672 0.562684 1 0.225404 0 1.89721e-05 -5.2424e-06 1.83174  7.90799
4.89948 7.53196 -0.826664 0.562697 1 0.225959 0 1.90186e-05 -5.25536e-06 1.8383  7.92937
4.91206 7.55044 -0.826655 0.562708 1 0.226513 0 1.90652e-05 -5.26831e-06 1.84486  7.95074
4.92465 7.56893 -0.826648 0.562719 1 0.227068 0 1.91117e-05 -5.28127e-06 1.85141  7.97212
4.93723 7.58741 -0.826641 0.56273 1 0.227622 0 1.91582e-05 -5.29422e-06 1.85797  7.9935
ZONE I=5
4.93723 7.58741 -0.826641 0.56273 1 0.227622 0 1.91582e-05 -5.29422e-06 1.85797  7.9935
4.94981 7.6059 -0.826634 0.56274 1 0.228177 0 1.92048e-05 -5.30717e-06 1.86453  8.01488
4.9624 7.62438 -0.826628 0.562749 1 0.228731 0 1.92513e-05 -5.32011e-06 1.87109  8.03625
4.97498 7.64286 -0.826622 0.562758 1 0.229286 0 1.92979e-05 -5.33305e-06 1.87765  8.05763
4.98756 7.66135 -0.826617 0.562766 1 0.22984 0 1.93445e-05 -5.34599e-06 1.88421  8.07901
ZONE I=5
4.98756 7.66135 -0.826617 0.562766 1 0.22984 0 1.93445e-05 -5.34599e-06 1.88421  8.07901
5.00015 7.67983 -0.826611 0.562773 1 0.230395 0 1.9391e-05 -5.35893e-06 1.89077  8.10038
5.01273 7.69832 -0.826607 0.56278 1 0.230949 0 1.94376e-05 -5.37186e-06 1.89733  8.12176
5.02531 7.7168 -0.826602 0.562787 1 0.231504 0 1.94842e-05 -5.38479e-06 1.90389  8.14314
5.0379 7.73528 -0.826598 0.562792 1 0.232058 0 1.95308e-05 -5.39772e-06 1.91045  8.16451
ZONE I=5
5.0379 7.73528 -0.826598 0.562792 1 0.232058 0 1.95308e-05 -5.39772e-06 1.91045  8.16451
5.05048 7.75377 -0.826595 0.562798 1 0.232613 0 1.95774e-05 -5.41064e-06 1.91701  8.18589
5.06307 7.77225 -0.826591 0.562803 1 0.233167 0 1.9624e-05 -5.42357e-06 1.92357  8.20727
5.07565 7.79073 -0.826588 0.562808 1 0.233722 0 1.96706e-05 -5.43649e-06 1.93013  8.22864
5.08824 7.80921 -0.826585 0.562812 1 0.234276 0 1.97172e-05 -5.44941e-06 1.93669  8.25002
ZONE I=5
5.08824 7.80921 -0.826585 0.562812 1 0.234276 0 1.97172e-05 -5.44941e-06 1.93669  8.25002
5.10082 7.8277 -0.826583 0.562815 1 0.234831 0 1.97638e-05 -5.46233e-06 1.94325  8.2714
5.11341 7.84618 -0.82658 0.562819 1 0.235385 0 1.98104e-05 -5.47524e-06 1.94981  8.29277
5.12599 7.86466 -0.826578 0.562822 1 0.23594 0 1.98571e-05 -5.48815e-06 1.95637  8.31415
5.13858 7.88315 -0.826576 0.562825 1 0.236494 0 1.99037e-05 -5.50107e-06 1.96293  8.33553
ZONE I=5
5.13858 7.88315 -0.826576 0.562825 1 0.236494 0 1.99037e-05 -5.50107e-06 1.96293  8.33553
5.15116 7.90163 -0.826575 0.562827 1 0.237049 0 1.99503e-05 -5.51398e-06 1.96949  8.3569
5.16375 7.92011 -0.826573 0.562829 1 0.237603 0 1.9997e-05 -5.52689e-06 1.97605  8.37828
5.17633 7.93859 -0.826572 0.562831 1 0.238158 0 2.00436e-05 -5.53979e-06 1.98262  8.39966
5.18892 7.95708 -0.826571 0.562832 1 0.238712 0 2.00903e-05 -5.5527e-06 1.98918  8.42103
ZONE I=5
5.18892 7.95708 -0.826571 0.562832 1 0.238712 0 2.00903e-05 -5.5527e-06 1.98918  8.42103
5.2015 7.97556 -0.82657 0.562834 1 0.239267 0 2.01369e-05 -5.5656e-06 1.99574  8.44241
5.21409 7.99404 -0.826569 0.562835 1 0.239821 0 2.01836e-05 -5.57851e-06 2.0023  8.46378
5.22667 8.01253 -0.826569 0.562836 1 0.240376 0 2.02302e-05 -5.59141e-06 2.00886  8.48516
5.23926 8.03101 -0.826568 0.562836 1 0.24093 0 2.02769e-05 -5.60431e-06 2.01542  8.50654
ZONE I=5
5.23926 8.03101 -0.826568 0.562836 1 0.24093 0 2.02769e-05 -5.60431e-06 2.01542  8.50654
5.25185 8.04949 -0.826568 0.562837 1 0.241485 0 2.03235e-05 -5.61721e-06 2.02198  8.52791
5.26443 8.06797 -0.826568 0.562837 1 0.242039 0 2.03702e-05 -5.63011e-06 2.02854  8.54929
5.27702 8.08646 -0.826568 0.562838 1 0.242594 0 2.04169e-05 -5.64301e-06 2.03511  8.57067
5.2896 8.10494 -0.826567 0.562838 1 0.243148 0 2.04635e-05 -5.65591e-06 2.04167  8.59204
ZONE I=5
5.2896 8.10494 -0.826567 0.562838 1 0.243148 0 2.04635e-05 -5.65591e-06 2.04167  8.59204
5.30219 8.12342 -0.826567 0.562838 1 0.243703 0 2.05102e-05 -5.66881e-06 2.04823  8.61342
5.31477 8.1419 -0.826567 0.562838 1 0.244257 0 2.05568e-05 -5.68171e-06 2.05479  8.6348
5.32736 8.16039 -0.826567 0.562838 1 0.244812 0 2.06035e-05 -5.6946e-06 2.06135  8.65617
5.33994 8.17887 -0.826567 0.562838 1 0.245366 0 2.06502e-05 -5.7075e-06 2.06791  8.67755
