ZONE I=5
0.8 0.5 -0.940987 0.338443 1 0.02 0 1.88546e-06 -3.1847e-07 0  0
0.807492 0.520732 -0.939991 0.3412 1 0.0208293 0 1.96168e-06 -3.34024e-07 0.00103009  0.0220204
0.815146 0.541727 -0.939026 0.343846 1 0.0216691 0 2.03881e-06 -3.49826e-07 0.00213825  0.0443393
0.822897 0.562803 -0.938068 0.346452 1 0.0225121 0 2.11611e-06 -3.65817e-07 0.00331439  0.0667647
0.830677 0.58378 -0.937091 0.349086 1 0.0233512 0 2.19284e-06 -3.81938e-07 0.00454842  0.0891043
ZONE I=5
0.830677 0.58378 -0.937091 0.349086 1 0.0233512 0 2.19284e-06 -3.81938e-07 0.00454842  0.0891043
0.838493 0.604671 -0.93611 0.351708 1 0.0241869 0 2.26909e-06 -3.98161e-07 0.00584135  0.111372
0.846385 0.625588 -0.935132 0.3543 1 0.0250235 0 2.34529e-06 -4.14536e-07 0.0071994  0.133687
0.854341 0.646501 -0.934153 0.356872 1 0.02586 0 2.42133e-06 -4.31052e-07 0.00862019  0.156017
0.86235 0.667378 -0.93317 0.359436 1 0.0266951 0 2.49707e-06 -4.47697e-07 0.0101014  0.178328
ZONE I=5
0.86235 0.667378 -0.93317 0.359436 1 0.0266951 0 2.49707e-06 -4.47697e-07 0.0101014  0.178328
0.870411 0.688223 -0.932184 0.361986 1 0.0275289 0 2.57253e-06 -4.64464e-07 0.011643  0.200624
0.878533 0.709053 -0.931197 0.364517 1 0.0283621 0 2.64778e-06 -4.81358e-07 0.0132459  0.222924
0.886712 0.729865 -0.930208 0.367033 1 0.0291946 0 2.72281e-06 -4.98376e-07 0.0149095  0.245223
0.894946 0.750652 -0.929217 0.369535 1 0.0300261 0 2.7976e-06 -5.15514e-07 0.0166331  0.267515
ZONE I=5
0.894946 0.750652 -0.929217 0.369535 1 0.0300261 0 2.7976e-06 -5.15514e-07 0.0166331  0.267515
0.903236 0.771415 -0.928224 0.372021 1 0.0308566 0 2.87213e-06 -5.32769e-07 0.0184163  0.289801
0.911581 0.792157 -0.92723 0.374492 1 0.0316863 0 2.94644e-06 -5.50138e-07 0.0202592  0.312083
0.919982 0.812878 -0.926234 0.376948 1 0.0325151 0 3.02051e-06 -5.6762e-07 0.0221613  0.33436
0.928437 0.833575 -0.925237 0.37939 1 0.033343 0 3.09434e-06 -5.85212e-07 0.0241223  0.356633
ZONE I=5
0.928437 0.833575 -0.925237 0.37939 1 0.033343 0 3.09434e-06 -5.85212e-07 0.0241223  0.356633
0.936947 0.854251 -0.924238 0.381816 1 0.03417 0 3.16793e-06 -6.02911e-07 0.0261418  0.378899
0.94551 0.874904 -0.923239 0.384227 1 0.0349962 0 3.24129e-06 -6.20715e-07 0.0282196  0.401161
0.954128 0.895535 -0.922238 0.386623 1 0.0358214 0 3.31441e-06 -6.38622e-07 0.0303554  0.423417
0.962799 0.916143 -0.921236 0.389005 1 0.0366457 0 3.3873e-06 -6.56628e-07 0.0325488  0.445667
ZONE I=5
0.962799 0.916143 -0.921236 0.389005 1 0.0366457 0 3.3873e-06 -6.56628e-07 0.0325488  0.445667
0.971523 0.93673 -0.920233 0.391372 1 0.0374692 0 3.45996e-06 -6.74732e-07 0.0347995  0.467912
0.980299 0.957293 -0.919229 0.393724 1 0.0382917 0 3.53238e-06 -6.92932e-07 0.0371073  0.490151
0.989129 0.977835 -0.918224 0.396062 1 0.0391134 0 3.60456e-06 -7.11225e-07 0.0394718  0.512384
0.99801 0.998353 -0.917219 0.398384 1 0.0399341 0 3.67652e-06 -7.29608e-07 0.0418927  0.534611
ZONE I=5
0.99801 0.998353 -0.917219 0.398384 1 0.0399341 0 3.67652e-06 -7.29608e-07 0.0418927  0.534611
1.00694 1.01885 -0.916212 0.400693 1 0.040754 0 3.74824e-06 -7.4808e-07 0.0443697  0.556832
1.01593 1.03932 -0.915206 0.402987 1 0.0415729 0 3.81973e-06 -7.66638e-07 0.0469026  0.579046
1.02496 1.05977 -0.914199 0.405266 1 0.042391 0 3.89098e-06 -7.8528e-07 0.0494909  0.601255
1.03405 1.0802 -0.913191 0.407531 1 0.0432082 0 3.96201e-06 -8.04004e-07 0.0521344  0.623456
ZONE I=5
1.03405 1.0802 -0.913191 0.407531 1 0.0432082 0 3.96201e-06 -8.04004e-07 0.0521344  0.623456
1.04319 1.10061 -0.912184 0.409782 1 0.0440244 0 4.03281e-06 -8.22807e-07 0.0548328  0.645651
1.05237 1.12099 -0.911176 0.412018 1 0.0448398 0 4.10338e-06 -8.41689e-07 0.0575858  0.66784
1.06161 1.14136 -0.910168 0.41424 1 0.0456542 0 4.17372e-06 -8.60645e-07 0.0603931  0.690022
1.0709 1.16169 -0.90916 0.416448 1 0.0464678 0 4.24383e-06 -8.79675e-07 0.0632543  0.712196
ZONE I=5
1.0709 1.16169 -0.90916 0.416448 1 0.0464678 0 4.24383e-06 -8.79675e-07 0.0632543  0.712196
1.08023 1.18201 -0.908152 0.418641 1 0.0472804 0 4.31372e-06 -8.98777e-07 0.0661692  0.734364
1.08962 1.2023 -0.907144 0.420821 1 0.0480922 0 4.38338e-06 -9.17948e-07 0.0691375  0.756525
1.09905 1.22258 -0.906136 0.422987 1 0.048903 0 4.45282e-06 -9.37186e-07 0.0721588  0.778679
1.10853 1.24282 -0.905129 0.425138 1 0.049713 0 4.52204e-06 -9.56489e-07 0.075233  0.800825
ZONE I=5
1.10853 1.24282 -0.905129 0.425138 1 0.049713 0 4.52204e-06 -9.56489e-07 0.075233  0.800825
1.11806 1.26305 -0.904121 0.427276 1 0.050522 0 4.59103e-06 -9.75856e-07 0.0783595  0.822964
1.12764 1.28325 -0.903115 0.429399 1 0.0513302 0 4.65979e-06 -9.95284e-07 0.0815383  0.845096
1.13726 1.30344 -0.902108 0.431509 1 0.0521374 0 4.72834e-06 -1.01477e-06 0.0847689  0.86722
1.14694 1.32359 -0.901103 0.433605 1 0.0529438 0 4.79667e-06 -1.03432e-06 0.0880511  0.889336
ZONE I=5
1.14694 1.32359 -0.901103 0.433605 1 0.0529438 0 4.79667e-06 -1.03432e-06 0.0880511  0.889336
1.15665 1.34373 -0.900098 0.435688 1 0.0537492 0 4.86478e-06 -1.05392e-06 0.0913845  0.911445
1.16642 1.36384 -0.899094 0.437757 1 0.0545538 0 4.93267e-06 -1.07358e-06 0.094769  0.933546
1.17623 1.38394 -0.89809 0.439812 1 0.0553574 0 5.00034e-06 -1.09328e-06 0.0982041  0.95564
1.18609 1.40401 -0.897087 0.441853 1 0.0561602 0 5.0678e-06 -1.11304e-06 0.10169  0.977725
ZONE I=5
1.18609 1.40401 -0.897087 0.441853 1 0.0561602 0 5.0678e-06 -1.11304e-06 0.10169  0.977725
1.19599 1.42405 -0.896086 0.443881 1 0.0569621 0 5.13504e-06 -1.13285e-06 0.105225  0.999803
1.20593 1.44408 -0.895085 0.445896 1 0.0577631 0 5.20207e-06 -1.1527e-06 0.108811  1.02187
1.21593 1.46408 -0.894085 0.447897 1 0.0585631 0 5.26889e-06 -1.1726e-06 0.112445  1.04393
1.22596 1.48406 -0.893086 0.449885 1 0.0593623 0 5.3355e-06 -1.19255e-06 0.11613  1.06599
ZONE I=5
1.22596 1.48406 -0.893086 0.449885 1 0.0593623 0 5.3355e-06 -1.19255e-06 0.11613  1.06599
1.23604 1.50402 -0.892089 0.45186 1 0.0601606 0 5.40189e-06 -1.21253e-06 0.119863  1.08803
1.24617 1.52395 -0.891093 0.453821 1 0.060958 0 5.46808e-06 -1.23256e-06 0.123644  1.11007
1.25634 1.54386 -0.890098 0.455769 1 0.0617545 0 5.53405e-06 -1.25263e-06 0.127474  1.1321
1.26655 1.56375 -0.889105 0.457704 1 0.0625502 0 5.59982e-06 -1.27273e-06 0.131352  1.15412
ZONE I=5
1.26655 1.56375 -0.889105 0.457704 1 0.0625502 0 5.59982e-06 -1.27273e-06 0.131352  1.15412
1.27681 1.58362 -0.888112 0.459626 1 0.0633449 0 5.66539e-06 -1.29287e-06 0.135278  1.17613
1.2871 1.60347 -0.887122 0.461535 1 0.0641387 0 5.73075e-06 -1.31304e-06 0.139251  1.19813
1.29744 1.62329 -0.886133 0.463431 1 0.0649317 0 5.79591e-06 -1.33325e-06 0.143272  1.22013
1.30783 1.64309 -0.885146 0.465314 1 0.0657238 0 5.86086e-06 -1.35349e-06 0.147339  1.24211
ZONE I=5
1.30783 1.64309 -0.885146 0.465314 1 0.0657238 0 5.86086e-06 -1.35349e-06 0.147339  1.24211
1.31825 1.66287 -0.88416 0.467184 1 0.066515 0 5.92562e-06 -1.37375e-06 0.151453  1.26409
1.32872 1.68263 -0.883176 0.469042 1 0.0673053 0 5.99017e-06 -1.39405e-06 0.155613  1.28606
1.33923 1.70237 -0.882194 0.470887 1 0.0680948 0 6.05453e-06 -1.41437e-06 0.159819  1.30802
1.34978 1.72208 -0.881213 0.472719 1 0.0688833 0 6.11869e-06 -1.43472e-06 0.164071  1.32997
ZONE I=5
1.34978 1.72208 -0.881213 0.472719 1 0.0688833 0 6.11869e-06 -1.43472e-06 0.164071  1.32997
1.36037 1.74178 -0.880235 0.474538 1 0.069671 0 6.18265e-06 -1.4551e-06 0.168369  1.35191
1.371 1.76145 -0.879258 0.476345 1 0.0704578 0 6.24642e-06 -1.47549e-06 0.172712  1.37385
1.38167 1.78109 -0.878284 0.478139 1 0.0712438 0 6.31e-06 -1.49591e-06 0.177099  1.39577
1.39238 1.80072 -0.877312 0.479921 1 0.0720289 0 6.37339e-06 -1.51635e-06 0.181532  1.41769
ZONE I=5
1.39238 1.80072 -0.877312 0.479921 1 0.0720289 0 6.37339e-06 -1.51635e-06 0.181532  1.41769
1.40313 1.82033 -0.876341 0.481691 1 0.0728131 0 6.43658e-06 -1.53681e-06 0.186008  1.43959
1.41392 1.83991 -0.875373 0.483448 1 0.0735964 0 6.49959e-06 -1.55729e-06 0.190529  1.46149
1.42475 1.85947 -0.874407 0.485193 1 0.0743789 0 6.5624e-06 -1.57778e-06 0.195093  1.48338
1.43562 1.87901 -0.873444 0.486925 1 0.0751605 0 6.62504e-06 -1.59829e-06 0.199701  1.50526
ZONE I=5
1.43562 1.87901 -0.873444 0.486925 1 0.0751605 0 6.62504e-06 -1.59829e-06 0.199701  1.50526
1.44652 1.89853 -0.872482 0.488645 1 0.0759412 0 6.68748e-06 -1.61882e-06 0.204353  1.52713
1.45747 1.91803 -0.871523 0.490354 1 0.0767211 0 6.74975e-06 -1.63936e-06 0.209047  1.54899
1.46845 1.9375 -0.870567 0.49205 1 0.0775002 0 6.81183e-06 -1.65991e-06 0.213784  1.57084
1.47947 1.95696 -0.869613 0.493734 1 0.0782784 0 6.87373e-06 -1.68047e-06 0.218563  1.59268
ZONE I=5
1.47947 1.95696 -0.869613 0.493734 1 0.0782784 0 6.87373e-06 -1.68047e-06 0.218563  1.59268
1.49053 1.97639 -0.868661 0.495406 1 0.0790557 0 6.93545e-06 -1.70104e-06 0.223384  1.61452
1.50163 1.9958 -0.867712 0.497067 1 0.0798322 0 6.99699e-06 -1.72162e-06 0.228248  1.63634
1.51276 2.0152 -0.866766 0.498715 1 0.0806078 0 7.05836e-06 -1.74221e-06 0.233153  1.65816
1.52393 2.03457 -0.865822 0.500352 1 0.0813826 0 7.11955e-06 -1.76281e-06 0.238099  1.67996
ZONE I=5
1.52393 2.03457 -0.865822 0.500352 1 0.0813826 0 7.11955e-06 -1.76281e-06 0.238099  1.67996
1.53513 2.05391 -0.864881 0.501977 1 0.0821566 0 7.18056e-06 -1.78341e-06 0.243086  1.70176
1.54637 2.07324 -0.863943 0.50359 1 0.0829297 0 7.24141e-06 -1.80402e-06 0.248114  1.72354
1.55765 2.09255 -0.863007 0.505191 1 0.083702 0 7.30208e-06 -1.82464e-06 0.253183  1.74532
1.56897 2.11183 -0.862075 0.506781 1 0.0844734 0 7.36259e-06 -1.84525e-06 0.258292  1.76709
ZONE I=5
1.56897 2.11183 -0.862075 0.506781 1 0.0844734 0 7.36259e-06 -1.84525e-06 0.258292  1.76709
1.58032 2.1311 -0.861145 0.50836 1 0.085244 0 7.42292e-06 -1.86587e-06 0.263441  1.78885
1.5917 2.15034 -0.860218 0.509927 1 0.0860138 0 7.48309e-06 -1.88649e-06 0.26863  1.8106
1.60312 2.16957 -0.859294 0.511483 1 0.0867827 0 7.54309e-06 -1.90711e-06 0.273858  1.83234
1.61457 2.18877 -0.858373 0.513027 1 0.0875509 0 7.60293e-06 -1.92773e-06 0.279125  1.85407
ZONE I=5
1.61457 2.18877 -0.858373 0.513027 1 0.0875509 0 7.60293e-06 -1.92773e-06 0.279125  1.85407
1.62606 2.20795 -0.857455 0.51456 1 0.0883182 0 7.66261e-06 -1.94835e-06 0.284431  1.87579
1.63758 2.22712 -0.85654 0.516081 1 0.0890846 0 7.72212e-06 -1.96897e-06 0.289776  1.8975
1.64914 2.24626 -0.855628 0.517592 1 0.0898503 0 7.78148e-06 -1.98958e-06 0.29516  1.9192
1.66073 2.26538 -0.854719 0.519091 1 0.0906152 0 7.84068e-06 -2.01019e-06 0.300581  1.94089
ZONE I=5
1.66073 2.26538 -0.854719 0.519091 1 0.0906152 0 7.84068e-06 -2.01019e-06 0.300581  1.94089
1.67235 2.28448 -0.853813 0.52058 1 0.0913792 0 7.89972e-06 -2.0308e-06 0.306041  1.96258
1.68401 2.30356 -0.852911 0.522057 1 0.0921424 0 7.9586e-06 -2.0514e-06 0.311538  1.98425
1.6957 2.32262 -0.852011 0.523523 1 0.0929049 0 8.01733e-06 -2.072e-06 0.317072  2.00591
1.70742 2.34166 -0.851116 0.524978 1 0.0936665 0 8.07591e-06 -2.09259e-06 0.322644  2.02757
ZONE I=5
1.70742 2.34166 -0.851116 0.524978 1 0.0936665 0 8.07591e-06 -2.09259e-06 0.322644  2.02757
1.71918 2.36068 -0.850223 0.526423 1 0.0944273 0 8.13434e-06 -2.11317e-06 0.328252  2.04921
1.73096 2.37968 -0.849334 0.527857 1 0.0951874 0 8.19262e-06 -2.13375e-06 0.333898  2.07085
1.74278 2.39866 -0.848448 0.529279 1 0.0959466 0 8.25075e-06 -2.15432e-06 0.339579  2.09247
1.75463 2.41763 -0.847565 0.530692 1 0.096705 0 8.30873e-06 -2.17488e-06 0.345297  2.11409
ZONE I=5
1.75463 2.41763 -0.847565 0.530692 1 0.096705 0 8.30873e-06 -2.17488e-06 0.345297  2.11409
1.76651 2.43657 -0.846686 0.532093 1 0.0974627 0 8.36657e-06 -2.19542e-06 0.35105  2.1357
1.77843 2.45549 -0.84581 0.533484 1 0.0982196 0 8.42427e-06 -2.21596e-06 0.356839  2.15729
1.79037 2.47439 -0.844938 0.534864 1 0.0989757 0 8.48182e-06 -2.23649e-06 0.362664  2.17888
1.80234 2.49327 -0.844069 0.536234 1 0.099731 0 8.53923e-06 -2.25701e-06 0.368524  2.20046
ZONE I=5
1.80234 2.49327 -0.844069 0.536234 1 0.099731 0 8.53923e-06 -2.25701e-06 0.368524  2.20046
1.81435 2.51214 -0.843204 0.537594 1 0.100486 0 8.5965e-06 -2.27751e-06 0.374418  2.22203
1.82639 2.53098 -0.842342 0.538943 1 0.101239 0 8.65363e-06 -2.298e-06 0.380347  2.24359
1.83845 2.54981 -0.841484 0.540282 1 0.101992 0 8.71063e-06 -2.31848e-06 0.386311  2.26514
1.85055 2.56861 -0.84063 0.54161 1 0.102745 0 8.76749e-06 -2.33895e-06 0.392309  2.28668
ZONE I=5
1.85055 2.56861 -0.84063 0.54161 1 0.102745 0 8.76749e-06 -2.33895e-06 0.392309  2.28668
1.86267 2.5874 -0.839779 0.542928 1 0.103496 0 8.82422e-06 -2.3594e-06 0.39834  2.30821
1.87483 2.60617 -0.838932 0.544236 1 0.104247 0 8.88081e-06 -2.37983e-06 0.404406  2.32973
1.88701 2.62492 -0.838089 0.545534 1 0.104997 0 8.93728e-06 -2.40025e-06 0.410504  2.35124
1.89922 2.64365 -0.837249 0.546822 1 0.105746 0 8.99361e-06 -2.42066e-06 0.416636  2.37275
ZONE I=5
1.89922 2.64365 -0.837249 0.546822 1 0.105746 0 8.99361e-06 -2.42066e-06 0.416636  2.37275
1.91146 2.66236 -0.836413 0.5481 1 0.106494 0 9.04982e-06 -2.44105e-06 0.422801  2.39424
1.92373 2.68105 -0.835581 0.549367 1 0.107242 0 9.1059e-06 -2.46142e-06 0.428999  2.41572
1.93603 2.69973 -0.834752 0.550625 1 0.107989 0 9.16185e-06 -2.48178e-06 0.435229  2.4372
1.94836 2.71838 -0.833928 0.551873 1 0.108735 0 9.21768e-06 -2.50212e-06 0.441491  2.45866
ZONE I=5
1.94836 2.71838 -0.833928 0.551873 1 0.108735 0 9.21768e-06 -2.50212e-06 0.441491  2.45866
1.96071 2.73702 -0.833107 0.553112 1 0.109481 0 9.27339e-06 -2.52244e-06 0.447785  2.48012
1.97309 2.75564 -0.83229 0.55434 1 0.110225 0 9.32897e-06 -2.54275e-06 0.454111  2.50157
1.9855 2.77424 -0.831477 0.555559 1 0.11097 0 9.38444e-06 -2.56303e-06 0.460468  2.523
1.99794 2.79282 -0.830668 0.556768 1 0.111713 0 9.43979e-06 -2.5833e-06 0.466857  2.54443
ZONE I=5
1.99794 2.79282 -0.830668 0.556768 1 0.111713 0 9.43979e-06 -2.5833e-06 0.466857  2.54443
2.0104 2.81139 -0.829863 0.557967 1 0.112455 0 9.49502e-06 -2.60355e-06 0.473277  2.56585
2.02289 2.82993 -0.829062 0.559157 1 0.113197 0 9.55013e-06 -2.62378e-06 0.479728  2.58726
2.0354 2.84846 -0.828264 0.560338 1 0.113938 0 9.60514e-06 -2.64399e-06 0.486209  2.60866
2.04795 2.86697 -0.827471 0.561509 1 0.114679 0 9.66002e-06 -2.66417e-06 0.492721  2.63005
ZONE I=5
2.04795 2.86697 -0.827471 0.561509 1 0.114679 0 9.66002e-06 -2.66417e-06 0.492721  2.63005
2.06051 2.88547 -0.826682 0.56267 1 0.115419 0 9.7148e-06 -2.68434e-06 0.499263  2.65143
2.07311 2.90394 -0.825896 0.563822 1 0.116158 0 9.76947e-06 -2.70449e-06 0.505834  2.6728
2.08573 2.9224 -0.825115 0.564965 1 0.116896 0 9.82402e-06 -2.72462e-06 0.512436  2.69417
2.09837 2.94084 -0.824338 0.566099 1 0.117634 0 9.87847e-06 -2.74472e-06 0.519067  2.71552
ZONE I=5
2.09837 2.94084 -0.824338 0.566099 1 0.117634 0 9.87847e-06 -2.74472e-06 0.519067  2.71552
2.11104 2.95926 -0.823564 0.567223 1 0.118371 0 9.93282e-06 -2.76481e-06 0.525727  2.73687
2.12374 2.97767 -0.822795 0.568338 1 0.119107 0 9.98706e-06 -2.78487e-06 0.532416  2.7582
2.13646 2.99606 -0.82203 0.569444 1 0.119842 0 1.00412e-05 -2.80491e-06 0.539134  2.77953
2.14921 3.01443 -0.821269 0.570541 1 0.120577 0 1.00952e-05 -2.82493e-06 0.54588  2.80085
ZONE I=5
2.14921 3.01443 -0.821269 0.570541 1 0.120577 0 1.00952e-05 -2.82493e-06 0.54588  2.80085
2.16198 3.03279 -0.820512 0.571629 1 0.121311 0 1.01492e-05 -2.84493e-06 0.552655  2.82216
2.17477 3.05113 -0.819759 0.572708 1 0.122045 0 1.0203e-05 -2.8649e-06 0.559458  2.84346
2.18759 3.06945 -0.819011 0.573778 1 0.122778 0 1.02567e-05 -2.88485e-06 0.566289  2.86475
2.20043 3.08775 -0.818266 0.57484 1 0.12351 0 1.03104e-05 -2.90478e-06 0.573148  2.88603
ZONE I=5
2.20043 3.08775 -0.818266 0.57484 1 0.12351 0 1.03104e-05 -2.90478e-06 0.573148  2.88603
2.21329 3.10604 -0.817526 0.575892 1 0.124242 0 1.03639e-05 -2.92469e-06 0.580034  2.9073
2.22618 3.12431 -0.816789 0.576936 1 0.124972 0 1.04174e-05 -2.94457e-06 0.586947  2.92857
2.23909 3.14257 -0.816057 0.577971 1 0.125703 0 1.04707e-05 -2.96443e-06 0.593888  2.94982
2.25203 3.16081 -0.81533 0.578997 1 0.126432 0 1.0524e-05 -2.98427e-06 0.600855  2.97107
ZONE I=5
2.25203 3.16081 -0.81533 0.578997 1 0.126432 0 1.0524e-05 -2.98427e-06 0.600855  2.97107
2.26499 3.17903 -0.814606 0.580015 1 0.127161 0 1.05772e-05 -3.00408e-06 0.607849  2.99231
2.27797 3.19724 -0.813887 0.581024 1 0.127889 0 1.06302e-05 -3.02386e-06 0.614869  3.01354
2.29097 3.21543 -0.813171 0.582024 1 0.128617 0 1.06832e-05 -3.04363e-06 0.621916  3.03476
2.304 3.2336 -0.81246 0.583016 1 0.129344 0 1.07361e-05 -3.06337e-06 0.628988  3.05597
ZONE I=5
2.304 3.2336 -0.81246 0.583016 1 0.129344 0 1.07361e-05 -3.06337e-06 0.628988  3.05597
2.31704 3.25176 -0.811754 0.584 1 0.13007 0 1.0789e-05 -3.08308e-06 0.636086  3.07717
2.33011 3.2699 -0.811051 0.584975 1 0.130796 0 1.08417e-05 -3.10278e-06 0.64321  3.09837
2.3432 3.28803 -0.810353 0.585942 1 0.131521 0 1.08944e-05 -3.12244e-06 0.65036  3.11955
2.35632 3.30614 -0.809659 0.5869 1 0.132246 0 1.0947e-05 -3.14209e-06 0.657534  3.14073
ZONE I=5
2.35632 3.30614 -0.809659 0.5869 1 0.132246 0 1.0947e-05 -3.14209e-06 0.657534  3.14073
2.36945 3.32424 -0.808969 0.587851 1 0.13297 0 1.09994e-05 -3.1617e-06 0.664733  3.1619
2.38261 3.34232 -0.808284 0.588793 1 0.133693 0 1.10519e-05 -3.1813e-06 0.671958  3.18306
2.39578 3.36039 -0.807603 0.589727 1 0.134415 0 1.11042e-05 -3.20087e-06 0.679206  3.20422
2.40898 3.37844 -0.806926 0.590653 1 0.135137 0 1.11565e-05 -3.22041e-06 0.686479  3.22536
ZONE I=5
2.40898 3.37844 -0.806926 0.590653 1 0.135137 0 1.11565e-05 -3.22041e-06 0.686479  3.22536
2.4222 3.39647 -0.806253 0.59157 1 0.135859 0 1.12087e-05 -3.23993e-06 0.693777  3.2465
2.43543 3.41449 -0.805585 0.59248 1 0.13658 0 1.12608e-05 -3.25943e-06 0.701098  3.26762
2.44869 3.4325 -0.804921 0.593382 1 0.1373 0 1.13128e-05 -3.2789e-06 0.708443  3.28874
2.46197 3.45049 -0.804261 0.594276 1 0.13802 0 1.13648e-05 -3.29834e-06 0.715811  3.30985
ZONE I=5
2.46197 3.45049 -0.804261 0.594276 1 0.13802 0 1.13648e-05 -3.29834e-06 0.715811  3.30985
2.47527 3.46846 -0.803606 0.595161 1 0.138739 0 1.14167e-05 -3.31776e-06 0.723203  3.33096
2.48859 3.48643 -0.802955 0.59604 1 0.139457 0 1.14685e-05 -3.33716e-06 0.730618  3.35205
2.50192 3.50437 -0.802308 0.59691 1 0.140175 0 1.15203e-05 -3.35653e-06 0.738056  3.37314
2.51528 3.52231 -0.801666 0.597772 1 0.140892 0 1.1572e-05 -3.37587e-06 0.745517  3.39422
ZONE I=5
2.51528 3.52231 -0.801666 0.597772 1 0.140892 0 1.1572e-05 -3.37587e-06 0.745517  3.39422
2.52866 3.54022 -0.801028 0.598627 1 0.141609 0 1.16236e-05 -3.3952e-06 0.753  3.41529
2.54205 3.55813 -0.800394 0.599474 1 0.142325 0 1.16751e-05 -3.41449e-06 0.760505  3.43635
2.55546 3.57602 -0.799765 0.600314 1 0.143041 0 1.17266e-05 -3.43376e-06 0.768033  3.45741
2.5689 3.59389 -0.799139 0.601146 1 0.143756 0 1.17781e-05 -3.45301e-06 0.775583  3.47845
ZONE I=5
2.5689 3.59389 -0.799139 0.601146 1 0.143756 0 1.17781e-05 -3.45301e-06 0.775583  3.47845
2.58235 3.61176 -0.798519 0.60197 1 0.14447 0 1.18295e-05 -3.47223e-06 0.783155  3.49949
2.59582 3.6296 -0.797902 0.602787 1 0.145184 0 1.18808e-05 -3.49143e-06 0.790748  3.52053
2.6093 3.64744 -0.79729 0.603596 1 0.145898 0 1.1932e-05 -3.5106e-06 0.798363  3.54155
2.62281 3.66526 -0.796682 0.604399 1 0.14661 0 1.19832e-05 -3.52974e-06 0.805999  3.56257
ZONE I=5
2.62281 3.66526 -0.796682 0.604399 1 0.14661 0 1.19832e-05 -3.52974e-06 0.805999  3.56257
2.63633 3.68307 -0.796079 0.605193 1 0.147323 0 1.20344e-05 -3.54887e-06 0.813656  3.58357
2.64987 3.70086 -0.795479 0.605981 1 0.148034 0 1.20854e-05 -3.56796e-06 0.821334  3.60457
2.66343 3.71864 -0.794885 0.606761 1 0.148746 0 1.21365e-05 -3.58704e-06 0.829032  3.62557
2.67701 3.73641 -0.794294 0.607534 1 0.149456 0 1.21874e-05 -3.60608e-06 0.836751  3.64655
ZONE I=5
2.67701 3.73641 -0.794294 0.607534 1 0.149456 0 1.21874e-05 -3.60608e-06 0.836751  3.64655
2.6906 3.75416 -0.793708 0.608299 1 0.150167 0 1.22384e-05 -3.62511e-06 0.844491  3.66753
2.70421 3.7719 -0.793126 0.609058 1 0.150876 0 1.22892e-05 -3.64411e-06 0.85225  3.6885
2.71784 3.78963 -0.792548 0.609809 1 0.151585 0 1.234e-05 -3.66308e-06 0.86003  3.70947
2.73148 3.80735 -0.791975 0.610553 1 0.152294 0 1.23908e-05 -3.68203e-06 0.867829  3.73042
ZONE I=5
2.73148 3.80735 -0.791975 0.610553 1 0.152294 0 1.23908e-05 -3.68203e-06 0.867829  3.73042
2.74514 3.82505 -0.791406 0.611291 1 0.153002 0 1.24415e-05 -3.70096e-06 0.875648  3.75137
2.75882 3.84274 -0.790841 0.612021 1 0.15371 0 1.24922e-05 -3.71986e-06 0.883486  3.77231
2.77251 3.86042 -0.790281 0.612744 1 0.154417 0 1.25428e-05 -3.73874e-06 0.891344  3.79325
2.78622 3.87808 -0.789725 0.613461 1 0.155123 0 1.25934e-05 -3.75759e-06 0.899221  3.81417
ZONE I=5
2.78622 3.87808 -0.789725 0.613461 1 0.155123 0 1.25934e-05 -3.75759e-06 0.899221  3.81417
2.79995 3.89573 -0.789173 0.614171 1 0.155829 0 1.2644e-05 -3.77642e-06 0.907116  3.83509
2.81369 3.91337 -0.788626 0.614873 1 0.156535 0 1.26944e-05 -3.79523e-06 0.91503  3.85601
2.82745 3.931 -0.788083 0.615569 1 0.15724 0 1.27449e-05 -3.81401e-06 0.922963  3.87691
2.84122 3.94862 -0.787544 0.616259 1 0.157945 0 1.27953e-05 -3.83277e-06 0.930914  3.89781
ZONE I=5
2.84122 3.94862 -0.787544 0.616259 1 0.157945 0 1.27953e-05 -3.83277e-06 0.930914  3.89781
2.85501 3.96622 -0.787009 0.616941 1 0.158649 0 1.28457e-05 -3.85151e-06 0.938884  3.9187
2.86881 3.98381 -0.786479 0.617617 1 0.159353 0 1.2896e-05 -3.87022e-06 0.946871  3.93959
2.88263 4.00139 -0.785953 0.618287 1 0.160056 0 1.29463e-05 -3.88891e-06 0.954876  3.96047
2.89646 4.01896 -0.785431 0.618949 1 0.160758 0 1.29965e-05 -3.90757e-06 0.962899  3.98134
ZONE I=5
2.89646 4.01896 -0.785431 0.618949 1 0.160758 0 1.29965e-05 -3.90757e-06 0.962899  3.98134
2.91031 4.03652 -0.784913 0.619606 1 0.161461 0 1.30467e-05 -3.92621e-06 0.97094  4.0022
2.92417 4.05406 -0.7844 0.620255 1 0.162163 0 1.30969e-05 -3.94483e-06 0.978998  4.02306
2.93804 4.0716 -0.783891 0.620899 1 0.162864 0 1.31471e-05 -3.96343e-06 0.987073  4.04391
2.95194 4.08912 -0.783386 0.621535 1 0.163565 0 1.31972e-05 -3.982e-06 0.995165  4.06476
ZONE I=5
2.95194 4.08912 -0.783386 0.621535 1 0.163565 0 1.31972e-05 -3.982e-06 0.995165  4.06476
2.96584 4.10663 -0.782886 0.622166 1 0.164265 0 1.32473e-05 -4.00055e-06 1.00327  4.0856
2.97976 4.12413 -0.782389 0.62279 1 0.164965 0 1.32973e-05 -4.01908e-06 1.0114  4.10643
2.99369 4.14162 -0.781897 0.623408 1 0.165665 0 1.33473e-05 -4.03759e-06 1.01954  4.12725
3.00764 4.1591 -0.781409 0.624019 1 0.166364 0 1.33973e-05 -4.05607e-06 1.0277  4.14807
ZONE I=5
3.00764 4.1591 -0.781409 0.624019 1 0.166364 0 1.33973e-05 -4.05607e-06 1.0277  4.14807
3.0216 4.17657 -0.780925 0.624625 1 0.167063 0 1.34472e-05 -4.07453e-06 1.03587  4.16889
3.03557 4.19402 -0.780446 0.625224 1 0.167761 0 1.34972e-05 -4.09297e-06 1.04407  4.18969
3.04956 4.21147 -0.77997 0.625817 1 0.168459 0 1.35471e-05 -4.11139e-06 1.05227  4.21049
3.06356 4.2289 -0.779499 0.626404 1 0.169156 0 1.35969e-05 -4.12979e-06 1.06049  4.23129
ZONE I=5
3.06356 4.2289 -0.779499 0.626404 1 0.169156 0 1.35969e-05 -4.12979e-06 1.06049  4.23129
3.07757 4.24633 -0.779032 0.626984 1 0.169853 0 1.36468e-05 -4.14816e-06 1.06873  4.25207
3.0916 4.26374 -0.778569 0.627559 1 0.17055 0 1.36966e-05 -4.16651e-06 1.07699  4.27285
3.10564 4.28115 -0.77811 0.628128 1 0.171246 0 1.37464e-05 -4.18484e-06 1.08525  4.29363
3.11969 4.29854 -0.777655 0.628691 1 0.171942 0 1.37961e-05 -4.20315e-06 1.09354  4.3144
ZONE I=5
3.11969 4.29854 -0.777655 0.628691 1 0.171942 0 1.37961e-05 -4.20315e-06 1.09354  4.3144
3.13375 4.31592 -0.777205 0.629248 1 0.172637 0 1.38459e-05 -4.22144e-06 1.10184  4.33516
3.14783 4.3333 -0.776758 0.629799 1 0.173332 0 1.38956e-05 -4.23971e-06 1.11015  4.35592
3.16192 4.35066 -0.776316 0.630344 1 0.174026 0 1.39453e-05 -4.25796e-06 1.11848  4.37667
3.17602 4.36802 -0.775878 0.630883 1 0.174721 0 1.3995e-05 -4.27619e-06 1.12682  4.39742
ZONE I=5
3.17602 4.36802 -0.775878 0.630883 1 0.174721 0 1.3995e-05 -4.27619e-06 1.12682  4.39742
3.19013 4.38536 -0.775444 0.631417 1 0.175414 0 1.40447e-05 -4.29439e-06 1.13518  4.41816
3.20426 4.40269 -0.775013 0.631945 1 0.176108 0 1.40943e-05 -4.31258e-06 1.14355  4.43889
3.21839 4.42002 -0.774587 0.632467 1 0.176801 0 1.41439e-05 -4.33074e-06 1.15193  4.45962
3.23254 4.43734 -0.774165 0.632983 1 0.177493 0 1.41935e-05 -4.34889e-06 1.16033  4.48035
ZONE I=5
3.23254 4.43734 -0.774165 0.632983 1 0.177493 0 1.41935e-05 -4.34889e-06 1.16033  4.48035
3.2467 4.45464 -0.773747 0.633494 1 0.178186 0 1.42431e-05 -4.36701e-06 1.16875  4.50106
3.26087 4.47194 -0.773333 0.634 1 0.178878 0 1.42927e-05 -4.38512e-06 1.17717  4.52177
3.27505 4.48923 -0.772923 0.634499 1 0.179569 0 1.43423e-05 -4.40321e-06 1.18561  4.54248
3.28925 4.5065 -0.772518 0.634993 1 0.18026 0 1.43918e-05 -4.42127e-06 1.19407  4.56318
ZONE I=5
3.28925 4.5065 -0.772518 0.634993 1 0.18026 0 1.43918e-05 -4.42127e-06 1.19407  4.56318
3.30345 4.52377 -0.772116 0.635482 1 0.180951 0 1.44414e-05 -4.43932e-06 1.20253  4.58388
3.31767 4.54103 -0.771718 0.635965 1 0.181641 0 1.44909e-05 -4.45735e-06 1.21101  4.60457
3.33189 4.55829 -0.771324 0.636443 1 0.182331 0 1.45404e-05 -4.47536e-06 1.2195  4.62525
3.34613 4.57553 -0.770933 0.636916 1 0.183021 0 1.45899e-05 -4.49335e-06 1.22801  4.64593
ZONE I=5
3.34613 4.57553 -0.770933 0.636916 1 0.183021 0 1.45899e-05 -4.49335e-06 1.22801  4.64593
3.36038 4.59276 -0.770547 0.637383 1 0.183711 0 1.46394e-05 -4.51132e-06 1.23653  4.66661
3.37463 4.60999 -0.770165 0.637845 1 0.1844 0 1.46888e-05 -4.52927e-06 1.24506  4.68728
3.3889 4.62721 -0.769787 0.638301 1 0.185088 0 1.47383e-05 -4.54721e-06 1.2536  4.70794
3.40318 4.64441 -0.769412 0.638753 1 0.185777 0 1.47878e-05 -4.56512e-06 1.26215  4.7286
ZONE I=5
3.40318 4.64441 -0.769412 0.638753 1 0.185777 0 1.47878e-05 -4.56512e-06 1.26215  4.7286
3.41747 4.66161 -0.769042 0.639199 1 0.186465 0 1.48372e-05 -4.58302e-06 1.27072  4.74926
3.43176 4.67881 -0.768675 0.63964 1 0.187152 0 1.48867e-05 -4.6009e-06 1.2793  4.76991
3.44607 4.69599 -0.768312 0.640076 1 0.18784 0 1.49361e-05 -4.61877e-06 1.28789  4.79055
3.46039 4.71317 -0.767953 0.640506 1 0.188527 0 1.49855e-05 -4.63661e-06 1.29649  4.81119
ZONE I=5
3.46039 4.71317 -0.767953 0.640506 1 0.188527 0 1.49855e-05 -4.63661e-06 1.29649  4.81119
3.47472 4.73033 -0.767598 0.640932 1 0.189213 0 1.5035e-05 -4.65444e-06 1.3051  4.83183
3.48905 4.74749 -0.767246 0.641353 1 0.1899 0 1.50844e-05 -4.67225e-06 1.31373  4.85246
3.5034 4.76465 -0.766899 0.641768 1 0.190586 0 1.51338e-05 -4.69004e-06 1.32237  4.87308
3.51775 4.78179 -0.766555 0.642179 1 0.191272 0 1.51832e-05 -4.70782e-06 1.33101  4.8937
ZONE I=5
3.51775 4.78179 -0.766555 0.642179 1 0.191272 0 1.51832e-05 -4.70782e-06 1.33101  4.8937
3.53212 4.79893 -0.766215 0.642585 1 0.191957 0 1.52326e-05 -4.72558e-06 1.33967  4.91432
3.54649 4.81606 -0.765878 0.642985 1 0.192642 0 1.5282e-05 -4.74332e-06 1.34834  4.93493
3.56087 4.83318 -0.765546 0.643381 1 0.193327 0 1.53314e-05 -4.76105e-06 1.35702  4.95554
3.57526 4.85029 -0.765217 0.643773 1 0.194012 0 1.53808e-05 -4.77876e-06 1.36571  4.97614
ZONE I=5
3.57526 4.85029 -0.765217 0.643773 1 0.194012 0 1.53808e-05 -4.77876e-06 1.36571  4.97614
3.58966 4.8674 -0.764892 0.644159 1 0.194696 0 1.54302e-05 -4.79645e-06 1.37441  4.99674
3.60407 4.8845 -0.76457 0.644541 1 0.19538 0 1.54796e-05 -4.81413e-06 1.38312  5.01733
3.61849 4.90159 -0.764252 0.644918 1 0.196064 0 1.5529e-05 -4.83179e-06 1.39184  5.03792
3.63291 4.91868 -0.763938 0.64529 1 0.196747 0 1.55784e-05 -4.84944e-06 1.40058  5.05851
ZONE I=5
3.63291 4.91868 -0.763938 0.64529 1 0.196747 0 1.55784e-05 -4.84944e-06 1.40058  5.05851
3.64735 4.93576 -0.763627 0.645657 1 0.19743 0 1.56279e-05 -4.86707e-06 1.40932  5.07909
3.66179 4.95283 -0.76332 0.64602 1 0.198113 0 1.56773e-05 -4.88468e-06 1.41807  5.09967
3.67624 4.96989 -0.763017 0.646378 1 0.198796 0 1.57267e-05 -4.90228e-06 1.42683  5.12024
3.69069 4.98695 -0.762717 0.646732 1 0.199478 0 1.57761e-05 -4.91986e-06 1.4356  5.14081
ZONE I=5
3.69069 4.98695 -0.762717 0.646732 1 0.199478 0 1.57761e-05 -4.91986e-06 1.4356  5.14081
3.70516 5.004 -0.762421 0.647081 1 0.20016 0 1.58255e-05 -4.93743e-06 1.44438  5.16137
3.71963 5.02105 -0.762128 0.647426 1 0.200842 0 1.58749e-05 -4.95499e-06 1.45317  5.18193
3.73411 5.03809 -0.761839 0.647766 1 0.201523 0 1.59244e-05 -4.97253e-06 1.46197  5.20249
3.7486 5.05512 -0.761553 0.648102 1 0.202205 0 1.59738e-05 -4.99005e-06 1.47078  5.22304
ZONE I=5
3.7486 5.05512 -0.761553 0.648102 1 0.202205 0 1.59738e-05 -4.99005e-06 1.47078  5.22304
3.7631 5.07214 -0.761271 0.648434 1 0.202886 0 1.60232e-05 -5.00756e-06 1.47959  5.24359
3.7776 5.08916 -0.760992 0.648761 1 0.203567 0 1.60727e-05 -5.02506e-06 1.48842  5.26414
3.79211 5.10618 -0.760717 0.649083 1 0.204247 0 1.61221e-05 -5.04254e-06 1.49725  5.28468
3.80663 5.12318 -0.760445 0.649402 1 0.204927 0 1.61716e-05 -5.06001e-06 1.5061  5.30521
ZONE I=5
3.80663 5.12318 -0.760445 0.649402 1 0.204927 0 1.61716e-05 -5.06001e-06 1.5061  5.30521
3.82115 5.14018 -0.760177 0.649716 1 0.205607 0 1.62211e-05 -5.07747e-06 1.51495  5.32575
3.83568 5.15718 -0.759912 0.650026 1 0.206287 0 1.62706e-05 -5.09491e-06 1.52381  5.34628
3.85022 5.17417 -0.75965 0.650332 1 0.206967 0 1.632e-05 -5.11233e-06 1.53268  5.36681
3.86477 5.19115 -0.759392 0.650633 1 0.207646 0 1.63695e-05 -5.12975e-06 1.54155  5.38733
ZONE I=5
3.86477 5.19115 -0.759392 0.650633 1 0.207646 0 1.63695e-05 -5.12975e-06 1.54155  5.38733
3.87932 5.20813 -0.759137 0.65093 1 0.208325 0 1.6419e-05 -5.14715e-06 1.55044  5.40785
3.89388 5.2251 -0.758886 0.651224 1 0.209004 0 1.64686e-05 -5.16454e-06 1.55933  5.42837
3.90844 5.24207 -0.758638 0.651513 1 0.209683 0 1.65181e-05 -5.18191e-06 1.56823  5.44888
3.92301 5.25903 -0.758393 0.651798 1 0.210361 0 1.65676e-05 -5.19927e-06 1.57714  5.46939
ZONE I=5
3.92301 5.25903 -0.758393 0.651798 1 0.210361 0 1.65676e-05 -5.19927e-06 1.57714  5.46939
3.93759 5.27598 -0.758151 0.652079 1 0.211039 0 1.66172e-05 -5.21662e-06 1.58606  5.48989
3.95218 5.29293 -0.757913 0.652356 1 0.211717 0 1.66667e-05 -5.23396e-06 1.59498  5.5104
3.96677 5.30988 -0.757677 0.652629 1 0.212395 0 1.67163e-05 -5.25128e-06 1.60391  5.5309
3.98136 5.32682 -0.757445 0.652899 1 0.213073 0 1.67659e-05 -5.2686e-06 1.61285  5.55139
ZONE I=5
3.98136 5.32682 -0.757445 0.652899 1 0.213073 0 1.67659e-05 -5.2686e-06 1.61285  5.55139
3.99596 5.34375 -0.757217 0.653164 1 0.21375 0 1.68155e-05 -5.2859e-06 1.62179  5.57189
4.01057 5.36068 -0.756991 0.653425 1 0.214427 0 1.68651e-05 -5.30318e-06 1.63075  5.59238
4.02519 5.37761 -0.756769 0.653683 1 0.215104 0 1.69147e-05 -5.32046e-06 1.63971  5.61286
4.03981 5.39453 -0.756549 0.653937 1 0.215781 0 1.69643e-05 -5.33773e-06 1.64867  5.63335
ZONE I=5
4.03981 5.39453 -0.756549 0.653937 1 0.215781 0 1.69643e-05 -5.33773e-06 1.64867  5.63335
4.05443 5.41144 -0.756333 0.654187 1 0.216458 0 1.7014e-05 -5.35498e-06 1.65765  5.65383
4.06906 5.42835 -0.75612 0.654433 1 0.217134 0 1.70637e-05 -5.37222e-06 1.66663  5.67431
4.0837 5.44526 -0.75591 0.654676 1 0.21781 0 1.71133e-05 -5.38945e-06 1.67561  5.69478
4.09834 5.46216 -0.755703 0.654914 1 0.218486 0 1.7163e-05 -5.40667e-06 1.68461  5.71525
ZONE I=5
4.09834 5.46216 -0.755703 0.654914 1 0.218486 0 1.7163e-05 -5.40667e-06 1.68461  5.71525
4.11299 5.47905 -0.755499 0.65515 1 0.219162 0 1.72128e-05 -5.42388e-06 1.69361  5.73572
4.12764 5.49594 -0.755298 0.655381 1 0.219838 0 1.72625e-05 -5.44107e-06 1.70261  5.75619
4.1423 5.51283 -0.7551 0.655609 1 0.220513 0 1.73122e-05 -5.45826e-06 1.71162  5.77665
4.15696 5.52971 -0.754905 0.655834 1 0.221188 0 1.7362e-05 -5.47544e-06 1.72064  5.79712
ZONE I=5
4.15696 5.52971 -0.754905 0.655834 1 0.221188 0 1.7362e-05 -5.47544e-06 1.72064  5.79712
4.17163 5.54659 -0.754713 0.656055 1 0.221864 0 1.74118e-05 -5.4926e-06 1.72967  5.81757
4.1863 5.56346 -0.754524 0.656272 1 0.222539 0 1.74616e-05 -5.50976e-06 1.7387  5.83803
4.20097 5.58033 -0.754338 0.656486 1 0.223213 0 1.75114e-05 -5.5269e-06 1.74773  5.85848
4.21566 5.5972 -0.754155 0.656696 1 0.223888 0 1.75612e-05 -5.54404e-06 1.75678  5.87894
ZONE I=5
4.21566 5.5972 -0.754155 0.656696 1 0.223888 0 1.75612e-05 -5.54404e-06 1.75678  5.87894
4.23034 5.61406 -0.753975 0.656903 1 0.224562 0 1.76111e-05 -5.56116e-06 1.76582  5.89938
4.24503 5.63092 -0.753797 0.657107 1 0.225237 0 1.76609e-05 -5.57827e-06 1.77488  5.91983
4.25973 5.64777 -0.753623 0.657307 1 0.225911 0 1.77108e-05 -5.59538e-06 1.78394  5.94027
4.27443 5.66462 -0.753451 0.657504 1 0.226585 0 1.77607e-05 -5.61247e-06 1.793  5.96071
ZONE I=5
4.27443 5.66462 -0.753451 0.657504 1 0.226585 0 1.77607e-05 -5.61247e-06 1.793  5.96071
4.28913 5.68147 -0.753282 0.657698 1 0.227259 0 1.78106e-05 -5.62956e-06 1.80207  5.98115
4.30384 5.69831 -0.753115 0.657888 1 0.227932 0 1.78606e-05 -5.64663e-06 1.81114  6.00159
4.31856 5.71515 -0.752952 0.658076 1 0.228606 0 1.79105e-05 -5.6637e-06 1.82022  6.02202
4.33327 5.73198 -0.752791 0.65826 1 0.229279 0 1.79605e-05 -5.68076e-06 1.82931  6.04246
ZONE I=5
4.33327 5.73198 -0.752791 0.65826 1 0.229279 0 1.79605e-05 -5.68076e-06 1.82931  6.04246
4.34799 5.74881 -0.752633 0.65844 1 0.229952 0 1.80105e-05 -5.69781e-06 1.8384  6.06289
4.36272 5.76564 -0.752478 0.658618 1 0.230626 0 1.80605e-05 -5.71485e-06 1.84749  6.08331
4.37745 5.78246 -0.752325 0.658792 1 0.231299 0 1.81106e-05 -5.73188e-06 1.85659  6.10374
4.39218 5.79928 -0.752175 0.658964 1 0.231971 0 1.81607e-05 -5.7489e-06 1.8657  6.12416
ZONE I=5
4.39218 5.79928 -0.752175 0.658964 1 0.231971 0 1.81607e-05 -5.7489e-06 1.8657  6.12416
4.40692 5.8161 -0.752027 0.659132 1 0.232644 0 1.82107e-05 -5.76591e-06 1.8748  6.14458
4.42166 5.83292 -0.751882 0.659297 1 0.233317 0 1.82608e-05 -5.78292e-06 1.88392  6.165
4.4364 5.84973 -0.75174 0.65946 1 0.233989 0 1.8311e-05 -5.79991e-06 1.89304  6.18542
4.45115 5.86654 -0.7516 0.659619 1 0.234661 0 1.83611e-05 -5.8169e-06 1.90216  6.20584
ZONE I=5
4.45115 5.86654 -0.7516 0.659619 1 0.234661 0 1.83611e-05 -5.8169e-06 1.90216  6.20584
4.4659 5.88334 -0.751463 0.659775 1 0.235334 0 1.84113e-05 -5.83388e-06 1.91128  6.22625
4.48066 5.90014 -0.751328 0.659929 1 0.236006 0 1.84615e-05 -5.85085e-06 1.92041  6.24666
4.49541 5.91694 -0.751196 0.660079 1 0.236678 0 1.85117e-05 -5.86782e-06 1.92955  6.26707
4.51018 5.93374 -0.751066 0.660227 1 0.237349 0 1.85619e-05 -5.88477e-06 1.93869  6.28748
ZONE I=5
4.51018 5.93374 -0.751066 0.660227 1 0.237349 0 1.85619e-05 -5.88477e-06 1.93869  6.28748
4.52494 5.95053 -0.750939 0.660372 1 0.238021 0 1.86122e-05 -5.90172e-06 1.94783  6.30788
4.53971 5.96732 -0.750814 0.660514 1 0.238693 0 1.86624e-05 -5.91866e-06 1.95698  6.32829
4.55448 5.98411 -0.750691 0.660653 1 0.239364 0 1.87127e-05 -5.93559e-06 1.96613  6.34869
4.56925 6.00089 -0.750571 0.66079 1 0.240036 0 1.87631e-05 -5.95252e-06 1.97528  6.36909
ZONE I=5
4.56925 6.00089 -0.750571 0.66079 1 0.240036 0 1.87631e-05 -5.95252e-06 1.97528  6.36909
4.58403 6.01767 -0.750453 0.660923 1 0.240707 0 1.88134e-05 -5.96944e-06 1.98444  6.38949
4.59881 6.03445 -0.750338 0.661055 1 0.241378 0 1.88638e-05 -5.98635e-06 1.9936  6.40989
4.61359 6.05123 -0.750225 0.661183 1 0.242049 0 1.89142e-05 -6.00325e-06 2.00277  6.43029
4.62838 6.068 -0.750114 0.661309 1 0.24272 0 1.89646e-05 -6.02015e-06 2.01193  6.45068
ZONE I=5
4.62838 6.068 -0.750114 0.661309 1 0.24272 0 1.89646e-05 -6.02015e-06 2.01193  6.45068
4.64317 6.08478 -0.750005 0.661432 1 0.243391 0 1.9015e-05 -6.03704e-06 2.02111  6.47107
4.65796 6.10154 -0.749899 0.661552 1 0.244062 0 1.90655e-05 -6.05392e-06 2.03028  6.49147
4.67275 6.11831 -0.749795 0.66167 1 0.244732 0 1.9116e-05 -6.0708e-06 2.03946  6.51186
4.68755 6.13508 -0.749693 0.661786 1 0.245403 0 1.91665e-05 -6.08767e-06 2.04864  6.53224
ZONE I=5
4.68755 6.13508 -0.749693 0.661786 1 0.245403 0 1.91665e-05 -6.08767e-06 2.04864  6.53224
4.70235 6.15184 -0.749593 0.661899 1 0.246074 0 1.9217e-05 -6.10453e-06 2.05783  6.55263
4.71715 6.1686 -0.749495 0.662009 1 0.246744 0 1.92675e-05 -6.12139e-06 2.06701  6.57302
4.73196 6.18536 -0.7494 0.662118 1 0.247414 0 1.93181e-05 -6.13824e-06 2.0762  6.5934
4.74676 6.20211 -0.749307 0.662223 1 0.248085 0 1.93687e-05 -6.15508e-06 2.0854  6.61379
ZONE I=5
4.74676 6.20211 -0.749307 0.662223 1 0.248085 0 1.93687e-05 -6.15508e-06 2.0854  6.61379
4.76157 6.21887 -0.749215 0.662326 1 0.248755 0 1.94193e-05 -6.17192e-06 2.09459  6.63417
4.77638 6.23562 -0.749126 0.662427 1 0.249425 0 1.947e-05 -6.18875e-06 2.10379  6.65455
4.7912 6.25237 -0.749039 0.662526 1 0.250095 0 1.95206e-05 -6.20557e-06 2.11299  6.67493
4.80601 6.26912 -0.748954 0.662622 1 0.250765 0 1.95713e-05 -6.22239e-06 2.1222  6.69531
ZONE I=5
4.80601 6.26912 -0.748954 0.662622 1 0.250765 0 1.95713e-05 -6.22239e-06 2.1222  6.69531
4.82083 6.28586 -0.748871 0.662716 1 0.251435 0 1.9622e-05 -6.23921e-06 2.13141  6.71568
4.83565 6.30261 -0.748789 0.662808 1 0.252104 0 1.96728e-05 -6.25601e-06 2.14062  6.73606
4.85047 6.31935 -0.74871 0.662898 1 0.252774 0 1.97235e-05 -6.27282e-06 2.14983  6.75643
4.8653 6.33609 -0.748633 0.662985 1 0.253444 0 1.97743e-05 -6.28961e-06 2.15904  6.77681
ZONE I=5
4.8653 6.33609 -0.748633 0.662985 1 0.253444 0 1.97743e-05 -6.28961e-06 2.15904  6.77681
4.88012 6.35283 -0.748557 0.66307 1 0.254113 0 1.98251e-05 -6.3064e-06 2.16826  6.79718
4.89495 6.36957 -0.748484 0.663153 1 0.254783 0 1.9876e-05 -6.32319e-06 2.17748  6.81755
4.90978 6.3863 -0.748412 0.663234 1 0.255452 0 1.99268e-05 -6.33997e-06 2.1867  6.83792
4.92461 6.40304 -0.748342 0.663313 1 0.256122 0 1.99777e-05 -6.35674e-06 2.19592  6.85829
ZONE I=5
4.92461 6.40304 -0.748342 0.663313 1 0.256122 0 1.99777e-05 -6.35674e-06 2.19592  6.85829
4.93944 6.41977 -0.748274 0.66339 1 0.256791 0 2.00286e-05 -6.37351e-06 2.20515  6.87866
4.95428 6.4365 -0.748208 0.663465 1 0.25746 0 2.00795e-05 -6.39028e-06 2.21438  6.89903
4.96911 6.45323 -0.748143 0.663537 1 0.258129 0 2.01304e-05 -6.40704e-06 2.22361  6.9194
4.98395 6.46996 -0.74808 0.663608 1 0.258798 0 2.01814e-05 -6.42379e-06 2.23284  6.93976
ZONE I=5
4.98395 6.46996 -0.74808 0.663608 1 0.258798 0 2.01814e-05 -6.42379e-06 2.23284  6.93976
4.99879 6.48669 -0.748019 0.663677 1 0.259467 0 2.02324e-05 -6.44054e-06 2.24207  6.96013
5.01363 6.50341 -0.74796 0.663744 1 0.260136 0 2.02834e-05 -6.45729e-06 2.25131  6.98049
5.02847 6.52014 -0.747902 0.663809 1 0.260805 0 2.03344e-05 -6.47403e-06 2.26054  7.00086
5.04332 6.53686 -0.747846 0.663872 1 0.261474 0 2.03855e-05 -6.49076e-06 2.26978  7.02122
ZONE I=5
5.04332 6.53686 -0.747846 0.663872 1 0.261474 0 2.03855e-05 -6.49076e-06 2.26978  7.02122
5.05816 6.55358 -0.747792 0.663934 1 0.262143 0 2.04366e-05 -6.5075e-06 2.27902  7.04158
5.07301 6.5703 -0.747739 0.663993 1 0.262812 0 2.04877e-05 -6.52422e-06 2.28827  7.06194
5.08786 6.58702 -0.747687 0.664051 1 0.263481 0 2.05388e-05 -6.54094e-06 2.29751  7.0823
5.10271 6.60374 -0.747638 0.664107 1 0.26415 0 2.059e-05 -6.55766e-06 2.30676  7.10266
ZONE I=5
5.10271 6.60374 -0.747638 0.664107 1 0.26415 0 2.059e-05 -6.55766e-06 2.30676  7.10266
5.11756 6.62046 -0.747589 0.664161 1 0.264818 0 2.06411e-05 -6.57438e-06 2.316  7.12302
5.13241 6.63717 -0.747543 0.664214 1 0.265487 0 2.06923e-05 -6.59109e-06 2.32525  7.14338
5.14726 6.65389 -0.747497 0.664265 1 0.266156 0 2.07435e-05 -6.60779e-06 2.3345  7.16374
5.16212 6.6706 -0.747454 0.664314 1 0.266824 0 2.07948e-05 -6.62449e-06 2.34375  7.18409
ZONE I=5
5.16212 6.6706 -0.747454 0.664314 1 0.266824 0 2.07948e-05 -6.62449e-06 2.34375  7.18409
5.17697 6.68731 -0.747411 0.664362 1 0.267493 0 2.0846e-05 -6.64119e-06 2.353  7.20445
5.19183 6.70403 -0.74737 0.664408 1 0.268161 0 2.08973e-05 -6.65788e-06 2.36226  7.22481
5.20668 6.72074 -0.747331 0.664452 1 0.26883 0 2.09486e-05 -6.67457e-06 2.37151  7.24516
5.22154 6.73745 -0.747293 0.664495 1 0.269498 0 2.09999e-05 -6.69126e-06 2.38077  7.26552
ZONE I=5
5.22154 6.73745 -0.747293 0.664495 1 0.269498 0 2.09999e-05 -6.69126e-06 2.38077  7.26552
5.2364 6.75416 -0.747256 0.664536 1 0.270166 0 2.10512e-05 -6.70794e-06 2.39003  7.28587
5.25126 6.77087 -0.74722 0.664576 1 0.270835 0 2.11026e-05 -6.72462e-06 2.39928  7.30623
5.26612 6.78757 -0.747186 0.664615 1 0.271503 0 2.1154e-05 -6.7413e-06 2.40854  7.32658
5.28098 6.80428 -0.747153 0.664652 1 0.272171 0 2.12054e-05 -6.75797e-06 2.4178  7.34693
ZONE I=5
5.28098 6.80428 -0.747153 0.664652 1 0.272171 0 2.12054e-05 -6.75797e-06 2.4178  7.34693
5.29585 6.82099 -0.747121 0.664688 1 0.27284 0 2.12568e-05 -6.77464e-06 2.42707  7.36728
5.31071 6.83769 -0.747091 0.664722 1 0.273508 0 2.13082e-05 -6.7913e-06 2.43633  7.38764
5.32557 6.8544 -0.747061 0.664755 1 0.274176 0 2.13597e-05 -6.80797e-06 2.44559  7.40799
5.34044 6.8711 -0.747033 0.664787 1 0.274844 0 2.14112e-05 -6.82462e-06 2.45486  7.42834
ZONE I=5
5.34044 6.8711 -0.747033 0.664787 1 0.274844 0 2.14112e-05 -6.82462e-06 2.45486  7.42834
5.3553 6.88781 -0.747006 0.664817 1 0.275512 0 2.14627e-05 -6.84128e-06 2.46412  7.44869
5.37017 6.90451 -0.74698 0.664846 1 0.27618 0 2.15142e-05 -6.85793e-06 2.47339  7.46904
5.38504 6.92121 -0.746956 0.664874 1 0.276849 0 2.15657e-05 -6.87458e-06 2.48265  7.48939
5.3999 6.93792 -0.746932 0.664901 1 0.277517 0 2.16173e-05 -6.89123e-06 2.49192  7.50974
ZONE I=5
5.3999 6.93792 -0.746932 0.664901 1 0.277517 0 2.16173e-05 -6.89123e-06 2.49192  7.50974
5.41477 6.95462 -0.746909 0.664926 1 0.278185 0 2.16688e-05 -6.90787e-06 2.50119  7.53009
5.42964 6.97132 -0.746888 0.66495 1 0.278853 0 2.17204e-05 -6.92452e-06 2.51046  7.55044
5.44451 6.98802 -0.746867 0.664974 1 0.279521 0 2.1772e-05 -6.94115e-06 2.51973  7.57079
5.45938 7.00472 -0.746847 0.664996 1 0.280189 0 2.18236e-05 -6.95779e-06 2.529  7.59114
ZONE I=5
5.45938 7.00472 -0.746847 0.664996 1 0.280189 0 2.18236e-05 -6.95779e-06 2.529  7.59114
5.47425 7.02142 -0.746829 0.665017 1 0.280857 0 2.18753e-05 -6.97442e-06 2.53827  7.61149
5.48912 7.03812 -0.746811 0.665036 1 0.281525 0 2.19269e-05 -6.99105e-06 2.54754  7.63183
5.50399 7.05482 -0.746794 0.665055 1 0.282193 0 2.19786e-05 -7.00768e-06 2.55681  7.65218
5.51886 7.07152 -0.746778 0.665073 1 0.282861 0 2.20303e-05 -7.02431e-06 2.56608  7.67253
ZONE I=5
5.51886 7.07152 -0.746778 0.665073 1 0.282861 0 2.20303e-05 -7.02431e-06 2.56608  7.67253
5.53373 7.08821 -0.746763 0.66509 1 0.283529 0 2.2082e-05 -7.04093e-06 2.57536  7.69288
5.54861 7.10491 -0.746749 0.665106 1 0.284197 0 2.21337e-05 -7.05756e-06 2.58463  7.71322
5.56348 7.12161 -0.746735 0.665121 1 0.284864 0 2.21854e-05 -7.07417e-06 2.5939  7.73357
5.57835 7.13831 -0.746723 0.665136 1 0.285532 0 2.22372e-05 -7.09079e-06 2.60318  7.75392
ZONE I=5
5.57835 7.13831 -0.746723 0.665136 1 0.285532 0 2.22372e-05 -7.09079e-06 2.60318  7.75392
5.59322 7.155 -0.746711 0.665149 1 0.2862 0 2.22889e-05 -7.10741e-06 2.61245  7.77426
5.6081 7.1717 -0.7467 0.665161 1 0.286868 0 2.23407e-05 -7.12402e-06 2.62173  7.79461
5.62297 7.1884 -0.746689 0.665173 1 0.287536 0 2.23925e-05 -7.14063e-06 2.631  7.81496
5.63784 7.20509 -0.746679 0.665184 1 0.288204 0 2.24443e-05 -7.15724e-06 2.64028  7.8353
ZONE I=5
5.63784 7.20509 -0.746679 0.665184 1 0.288204 0 2.24443e-05 -7.15724e-06 2.64028  7.8353
5.65272 7.22179 -0.74667 0.665194 1 0.288872 0 2.24961e-05 -7.17385e-06 2.64955  7.85565
5.66759 7.23849 -0.746662 0.665204 1 0.289539 0 2.25479e-05 -7.19046e-06 2.65883  7.87599
5.68247 7.25518 -0.746654 0.665212 1 0.290207 0 2.25998e-05 -7.20706e-06 2.66811  7.89634
5.69734 7.27188 -0.746647 0.665221 1 0.290875 0 2.26516e-05 -7.22366e-06 2.67738  7.91669
ZONE I=5
5.69734 7.27188 -0.746647 0.665221 1 0.290875 0 2.26516e-05 -7.22366e-06 2.67738  7.91669
5.71222 7.28857 -0.74664 0.665228 1 0.291543 0 2.27035e-05 -7.24027e-06 2.68666  7.93703
5.72709 7.30527 -0.746634 0.665235 1 0.292211 0 2.27554e-05 -7.25687e-06 2.69594  7.95738
5.74197 7.32196 -0.746629 0.665241 1 0.292879 0 2.28073e-05 -7.27346e-06 2.70521  7.97772
5.75684 7.33866 -0.746624 0.665247 1 0.293546 0 2.28591e-05 -7.29006e-06 2.71449  7.99807
ZONE I=5
5.75684 7.33866 -0.746624 0.665247 1 0.293546 0 2.28591e-05 -7.29006e-06 2.71449  7.99807
5.77172 7.35535 -0.746619 0.665252 1 0.294214 0 2.2911e-05 -7.30666e-06 2.72377  8.01841
5.78659 7.37205 -0.746615 0.665256 1 0.294882 0 2.2963e-05 -7.32325e-06 2.73305  8.03876
5.80147 7.38874 -0.746611 0.665261 1 0.29555 0 2.30149e-05 -7.33985e-06 2.74232  8.0591
5.81634 7.40544 -0.746608 0.665264 1 0.296218 0 2.30668e-05 -7.35644e-06 2.7516  8.07945
ZONE I=5
5.81634 7.40544 -0.746608 0.665264 1 0.296218 0 2.30668e-05 -7.35644e-06 2.7516  8.07945
5.83122 7.42213 -0.746605 0.665267 1 0.296885 0 2.31187e-05 -7.37303e-06 2.76088  8.09979
5.8461 7.43883 -0.746603 0.66527 1 0.297553 0 2.31707e-05 -7.38962e-06 2.77016  8.12014
5.86097 7.45552 -0.7466 0.665273 1 0.298221 0 2.32226e-05 -7.40621e-06 2.77943  8.14048
5.87585 7.47222 -0.746599 0.665275 1 0.298889 0 2.32746e-05 -7.4228e-06 2.78871  8.16083
ZONE I=5
5.87585 7.47222 -0.746599 0.665275 1 0.298889 0 2.32746e-05 -7.4228e-06 2.78871  8.16083
5.89072 7.48891 -0.746597 0.665277 1 0.299556 0 2.33266e-05 -7.43939e-06 2.79799  8.18117
5.9056 7.50561 -0.746596 0.665278 1 0.300224 0 2.33785e-05 -7.45597e-06 2.80727  8.20152
5.92048 7.5223 -0.746595 0.665279 1 0.300892 0 2.34305e-05 -7.47256e-06 2.81655  8.22186
5.93535 7.53899 -0.746594 0.66528 1 0.30156 0 2.34825e-05 -7.48915e-06 2.82582  8.24221
ZONE I=5
5.93535 7.53899 -0.746594 0.66528 1 0.30156 0 2.34825e-05 -7.48915e-06 2.82582  8.24221
5.95023 7.55569 -0.746593 0.665281 1 0.302228 0 2.35345e-05 -7.50573e-06 2.8351  8.26255
5.9651 7.57238 -0.746593 0.665282 1 0.302895 0 2.35865e-05 -7.52232e-06 2.84438  8.2829
5.97998 7.58908 -0.746592 0.665282 1 0.303563 0 2.36385e-05 -7.5389e-06 2.85366  8.30324
5.99486 7.60577 -0.746592 0.665282 1 0.304231 0 2.36905e-05 -7.55549e-06 2.86294  8.32359
ZONE I=5
5.99486 7.60577 -0.746592 0.665282 1 0.304231 0 2.36905e-05 -7.55549e-06 2.86294  8.32359
6.00973 7.62247 -0.746592 0.665282 1 0.304899 0 2.37424e-05 -7.57207e-06 2.87222  8.34393
6.02461 7.63916 -0.746592 0.665283 1 0.305566 0 2.37944e-05 -7.58866e-06 2.88149  8.36428
6.03949 7.65585 -0.746592 0.665283 1 0.306234 0 2.38464e-05 -7.60524e-06 2.89077  8.38462
6.05436 7.67255 -0.746592 0.665283 1 0.306902 0 2.38984e-05 -7.62182e-06 2.90005  8.40497
