ZONE I=5
0.8 0.5 -0.934997 0.354655 1 0.045 0 4.21699e-06 -7.46104e-07 0  0
0.807685 0.520018 -0.932217 0.361901 1 0.0468016 0 4.37367e-06 -7.89472e-07 0.00142597  0.0213945
0.815829 0.540778 -0.929667 0.368402 1 0.04867 0 4.53673e-06 -8.33451e-07 0.00307143  0.0436345
0.824232 0.561775 -0.927151 0.374687 1 0.0505598 0 4.70107e-06 -8.78202e-07 0.00489395  0.0661771
0.832693 0.582503 -0.924484 0.381222 1 0.0524253 0 4.86158e-06 -9.23821e-07 0.00685108  0.0884795
ZONE I=5
0.832693 0.582503 -0.924484 0.381222 1 0.0524253 0 4.86158e-06 -9.23821e-07 0.00685108  0.0884795
0.841227 0.602992 -0.921765 0.387749 1 0.0542693 0 5.01896e-06 -9.69829e-07 0.00894925  0.110575
0.84996 0.623553 -0.919057 0.394124 1 0.0561198 0 5.17611e-06 -1.01639e-06 0.0112164  0.132799
0.858856 0.644101 -0.916329 0.400426 1 0.0579691 0 5.33217e-06 -1.06351e-06 0.0136421  0.155058
0.867876 0.664552 -0.913547 0.406733 1 0.0598096 0 5.48624e-06 -1.11117e-06 0.0162162  0.177261
ZONE I=5
0.867876 0.664552 -0.913547 0.406733 1 0.0598096 0 5.48624e-06 -1.11117e-06 0.0162162  0.177261
0.877024 0.68491 -0.91073 0.413002 1 0.0616419 0 5.63847e-06 -1.15928e-06 0.0189394  0.199413
0.886322 0.705227 -0.90789 0.419208 1 0.0634704 0 5.78934e-06 -1.20783e-06 0.0218174  0.221571
0.895761 0.725489 -0.905022 0.425364 1 0.065294 0 5.9387e-06 -1.25679e-06 0.0248473  0.243717
0.905334 0.74568 -0.90212 0.431484 1 0.0671112 0 6.08639e-06 -1.30615e-06 0.0280264  0.265835
ZONE I=5
0.905334 0.74568 -0.90212 0.431484 1 0.0671112 0 6.08639e-06 -1.30615e-06 0.0280264  0.265835
0.915042 0.765801 -0.899189 0.43756 1 0.0689221 0 6.23242e-06 -1.35587e-06 0.0313542  0.287927
0.924887 0.78586 -0.896231 0.443588 1 0.0707274 0 6.37689e-06 -1.40591e-06 0.0348312  0.309999
0.934866 0.805854 -0.893245 0.44957 1 0.0725269 0 6.51976e-06 -1.45625e-06 0.0384563  0.33205
0.944978 0.825781 -0.890231 0.455508 1 0.0743203 0 6.661e-06 -1.50687e-06 0.0422283  0.354074
ZONE I=5
0.944978 0.825781 -0.890231 0.455508 1 0.0743203 0 6.661e-06 -1.50687e-06 0.0422283  0.354074
0.955222 0.845639 -0.887191 0.461402 1 0.0761075 0 6.80062e-06 -1.55774e-06 0.0461464  0.376073
0.965598 0.865429 -0.884126 0.467249 1 0.0778886 0 6.93862e-06 -1.60882e-06 0.0502101  0.398045
0.976104 0.885151 -0.881035 0.473051 1 0.0796636 0 7.07501e-06 -1.66009e-06 0.0544186  0.419991
0.986739 0.904804 -0.877919 0.478809 1 0.0814323 0 7.20978e-06 -1.71153e-06 0.058771  0.441909
ZONE I=5
0.986739 0.904804 -0.877919 0.478809 1 0.0814323 0 7.20978e-06 -1.71153e-06 0.058771  0.441909
0.997502 0.924386 -0.87478 0.48452 1 0.0831948 0 7.34294e-06 -1.7631e-06 0.0632664  0.463798
1.00839 0.943899 -0.871617 0.490187 1 0.0849509 0 7.47448e-06 -1.81479e-06 0.0679041  0.485657
1.01941 0.963341 -0.868432 0.495808 1 0.0867007 0 7.60441e-06 -1.86656e-06 0.0726833  0.507486
1.03055 0.982711 -0.865225 0.501383 1 0.088444 0 7.73272e-06 -1.91839e-06 0.0776031  0.529284
ZONE I=5
1.03055 0.982711 -0.865225 0.501383 1 0.088444 0 7.73272e-06 -1.91839e-06 0.0776031  0.529284
1.04182 1.00201 -0.861997 0.506914 1 0.0901809 0 7.85944e-06 -1.97026e-06 0.0826628  0.55105
1.05321 1.02124 -0.858748 0.512399 1 0.0919112 0 7.98455e-06 -2.02214e-06 0.0878615  0.572783
1.06472 1.04039 -0.855478 0.517838 1 0.0936351 0 8.10806e-06 -2.07401e-06 0.0931983  0.594483
1.07635 1.05947 -0.85219 0.523233 1 0.0953523 0 8.22999e-06 -2.12585e-06 0.0986725  0.616149
ZONE I=5
1.07635 1.05947 -0.85219 0.523233 1 0.0953523 0 8.22999e-06 -2.12585e-06 0.0986725  0.616149
1.0881 1.07848 -0.848882 0.528583 1 0.0970629 0 8.35033e-06 -2.17763e-06 0.104283  0.63778
1.09997 1.09741 -0.845556 0.533887 1 0.0987669 0 8.46909e-06 -2.22932e-06 0.110029  0.659376
1.11196 1.11627 -0.842213 0.539146 1 0.100464 0 8.58628e-06 -2.28091e-06 0.115911  0.680935
1.12407 1.13505 -0.838852 0.54436 1 0.102155 0 8.7019e-06 -2.33238e-06 0.121926  0.702457
ZONE I=5
1.12407 1.13505 -0.838852 0.54436 1 0.102155 0 8.7019e-06 -2.33238e-06 0.121926  0.702457
1.13629 1.15376 -0.835475 0.549529 1 0.103838 0 8.81597e-06 -2.3837e-06 0.128074  0.723942
1.14863 1.17239 -0.832082 0.554653 1 0.105515 0 8.9285e-06 -2.43486e-06 0.134354  0.745389
1.16108 1.19095 -0.828673 0.559732 1 0.107185 0 9.03949e-06 -2.48582e-06 0.140766  0.766797
1.17365 1.20943 -0.82525 0.564767 1 0.108849 0 9.14894e-06 -2.53658e-06 0.147309  0.788166
ZONE I=5
1.17365 1.20943 -0.82525 0.564767 1 0.108849 0 9.14894e-06 -2.53658e-06 0.147309  0.788166
1.18633 1.22783 -0.821813 0.569757 1 0.110505 0 9.25689e-06 -2.58711e-06 0.153981  0.809494
1.19911 1.24616 -0.818362 0.574703 1 0.112155 0 9.36332e-06 -2.6374e-06 0.160782  0.830782
1.21201 1.26441 -0.814898 0.579604 1 0.113797 0 9.46826e-06 -2.68742e-06 0.167711  0.852029
1.22502 1.28259 -0.811422 0.584461 1 0.115433 0 9.57171e-06 -2.73716e-06 0.174767  0.873234
ZONE I=5
1.22502 1.28259 -0.811422 0.584461 1 0.115433 0 9.57171e-06 -2.73716e-06 0.174767  0.873234
1.23814 1.30068 -0.807933 0.589274 1 0.117061 0 9.67368e-06 -2.78661e-06 0.181949  0.894397
1.25136 1.3187 -0.804434 0.594042 1 0.118683 0 9.7742e-06 -2.83573e-06 0.189257  0.915516
1.26469 1.33664 -0.800923 0.598767 1 0.120297 0 9.87326e-06 -2.88453e-06 0.196689  0.936593
1.27812 1.3545 -0.797402 0.603448 1 0.121905 0 9.97089e-06 -2.93297e-06 0.204245  0.957626
ZONE I=5
1.27812 1.3545 -0.797402 0.603448 1 0.121905 0 9.97089e-06 -2.93297e-06 0.204245  0.957626
1.29166 1.37228 -0.793871 0.608086 1 0.123505 0 1.00671e-05 -2.98105e-06 0.211924  0.978614
1.3053 1.38998 -0.790332 0.612679 1 0.125098 0 1.01619e-05 -3.02875e-06 0.219725  0.999557
1.31904 1.4076 -0.786783 0.61723 1 0.126684 0 1.02553e-05 -3.07606e-06 0.227647  1.02046
1.33289 1.42515 -0.783226 0.621737 1 0.128263 0 1.03473e-05 -3.12296e-06 0.235689  1.04131
ZONE I=5
1.33289 1.42515 -0.783226 0.621737 1 0.128263 0 1.03473e-05 -3.12296e-06 0.235689  1.04131
1.34683 1.44261 -0.779661 0.626202 1 0.129835 0 1.04379e-05 -3.16944e-06 0.24385  1.06211
1.36088 1.46 -0.776089 0.630623 1 0.1314 0 1.05272e-05 -3.21548e-06 0.25213  1.08287
1.37502 1.4773 -0.772511 0.635002 1 0.132957 0 1.06151e-05 -3.26108e-06 0.260527  1.10358
1.38926 1.49453 -0.768926 0.639338 1 0.134508 0 1.07017e-05 -3.30622e-06 0.269041  1.12425
ZONE I=5
1.38926 1.49453 -0.768926 0.639338 1 0.134508 0 1.07017e-05 -3.30622e-06 0.269041  1.12425
1.4036 1.51167 -0.765335 0.643632 1 0.136051 0 1.0787e-05 -3.35089e-06 0.277671  1.14486
1.41803 1.52874 -0.761739 0.647884 1 0.137586 0 1.0871e-05 -3.39507e-06 0.286416  1.16543
1.43256 1.54572 -0.758138 0.652094 1 0.139115 0 1.09537e-05 -3.43877e-06 0.295276  1.18595
1.44718 1.56263 -0.754533 0.656262 1 0.140636 0 1.10352e-05 -3.48196e-06 0.304248  1.20642
ZONE I=5
1.44718 1.56263 -0.754533 0.656262 1 0.140636 0 1.10352e-05 -3.48196e-06 0.304248  1.20642
1.46189 1.57945 -0.750924 0.660388 1 0.142151 0 1.11154e-05 -3.52463e-06 0.313333  1.22684
1.4767 1.59619 -0.747312 0.664473 1 0.143657 0 1.11943e-05 -3.56679e-06 0.322529  1.24721
1.4916 1.61286 -0.743697 0.668517 1 0.145157 0 1.12721e-05 -3.60842e-06 0.331836  1.26753
1.50658 1.62944 -0.740079 0.67252 1 0.146649 0 1.13486e-05 -3.6495e-06 0.341253  1.2878
ZONE I=5
1.50658 1.62944 -0.740079 0.67252 1 0.146649 0 1.13486e-05 -3.6495e-06 0.341253  1.2878
1.52166 1.64594 -0.736458 0.676483 1 0.148134 0 1.14239e-05 -3.69004e-06 0.350779  1.30802
1.53682 1.66236 -0.732837 0.680404 1 0.149612 0 1.14981e-05 -3.73002e-06 0.360413  1.32819
1.55207 1.6787 -0.729214 0.684286 1 0.151083 0 1.15711e-05 -3.76944e-06 0.370155  1.34831
1.56741 1.69496 -0.72559 0.688127 1 0.152546 0 1.16429e-05 -3.8083e-06 0.380003  1.36837
ZONE I=5
1.56741 1.69496 -0.72559 0.688127 1 0.152546 0 1.16429e-05 -3.8083e-06 0.380003  1.36837
1.58283 1.71113 -0.721966 0.691928 1 0.154002 0 1.17137e-05 -3.84657e-06 0.389956  1.38838
1.59834 1.72723 -0.718342 0.69569 1 0.155451 0 1.17833e-05 -3.88427e-06 0.400014  1.40834
1.61393 1.74324 -0.714718 0.699412 1 0.156892 0 1.18518e-05 -3.92138e-06 0.410176  1.42825
1.62961 1.75918 -0.711095 0.703095 1 0.158326 0 1.19192e-05 -3.9579e-06 0.420441  1.4481
ZONE I=5
1.62961 1.75918 -0.711095 0.703095 1 0.158326 0 1.19192e-05 -3.9579e-06 0.420441  1.4481
1.64536 1.77503 -0.707474 0.70674 1 0.159753 0 1.19856e-05 -3.99382e-06 0.430808  1.46791
1.6612 1.7908 -0.703854 0.710345 1 0.161172 0 1.20509e-05 -4.02914e-06 0.441277  1.48766
1.67712 1.8065 -0.700236 0.713912 1 0.162585 0 1.21152e-05 -4.06386e-06 0.451846  1.50735
1.69311 1.82211 -0.69662 0.71744 1 0.16399 0 1.21785e-05 -4.09797e-06 0.462515  1.52699
ZONE I=5
1.69311 1.82211 -0.69662 0.71744 1 0.16399 0 1.21785e-05 -4.09797e-06 0.462515  1.52699
1.70919 1.83764 -0.693007 0.720931 1 0.165387 0 1.22408e-05 -4.13146e-06 0.473283  1.54658
1.72534 1.85309 -0.689397 0.724384 1 0.166778 0 1.23021e-05 -4.16434e-06 0.484148  1.56611
1.74157 1.86846 -0.685791 0.727799 1 0.168161 0 1.23624e-05 -4.19661e-06 0.495111  1.58559
1.75788 1.88375 -0.682188 0.731177 1 0.169537 0 1.24218e-05 -4.22826e-06 0.506171  1.60501
ZONE I=5
1.75788 1.88375 -0.682188 0.731177 1 0.169537 0 1.24218e-05 -4.22826e-06 0.506171  1.60501
1.77426 1.89895 -0.678589 0.734518 1 0.170906 0 1.24803e-05 -4.25928e-06 0.517326  1.62438
1.79071 1.91408 -0.674995 0.737822 1 0.172267 0 1.25378e-05 -4.28968e-06 0.528575  1.6437
1.80724 1.92913 -0.671406 0.74109 1 0.173622 0 1.25944e-05 -4.31946e-06 0.539919  1.66296
1.82384 1.9441 -0.667822 0.744321 1 0.174969 0 1.26501e-05 -4.34862e-06 0.551356  1.68217
ZONE I=5
1.82384 1.9441 -0.667822 0.744321 1 0.174969 0 1.26501e-05 -4.34862e-06 0.551356  1.68217
1.84052 1.95898 -0.664244 0.747516 1 0.176309 0 1.2705e-05 -4.37715e-06 0.562885  1.70132
1.85726 1.97379 -0.660671 0.750676 1 0.177641 0 1.2759e-05 -4.40506e-06 0.574505  1.72041
1.87408 1.98852 -0.657104 0.7538 1 0.178967 0 1.28121e-05 -4.43234e-06 0.586216  1.73945
1.89096 2.00317 -0.653544 0.756888 1 0.180285 0 1.28644e-05 -4.45899e-06 0.598018  1.75843
ZONE I=5
1.89096 2.00317 -0.653544 0.756888 1 0.180285 0 1.28644e-05 -4.45899e-06 0.598018  1.75843
1.90791 2.01774 -0.649991 0.759942 1 0.181596 0 1.29159e-05 -4.48503e-06 0.609908  1.77736
1.92493 2.03223 -0.646444 0.762961 1 0.1829 0 1.29666e-05 -4.51043e-06 0.621887  1.79623
1.94202 2.04664 -0.642905 0.765946 1 0.184197 0 1.30166e-05 -4.53522e-06 0.633953  1.81505
1.95918 2.06097 -0.639374 0.768896 1 0.185487 0 1.30657e-05 -4.55939e-06 0.646106  1.83381
ZONE I=5
1.95918 2.06097 -0.639374 0.768896 1 0.185487 0 1.30657e-05 -4.55939e-06 0.646106  1.83381
1.9764 2.07522 -0.63585 0.771812 1 0.18677 0 1.31141e-05 -4.58294e-06 0.658345  1.85252
1.99368 2.0894 -0.632335 0.774695 1 0.188046 0 1.31618e-05 -4.60587e-06 0.670669  1.87117
2.01103 2.10349 -0.628828 0.777544 1 0.189314 0 1.32087e-05 -4.62818e-06 0.683078  1.88976
2.02844 2.11751 -0.62533 0.78036 1 0.190576 0 1.32549e-05 -4.64989e-06 0.69557  1.9083
ZONE I=5
2.02844 2.11751 -0.62533 0.78036 1 0.190576 0 1.32549e-05 -4.64989e-06 0.69557  1.9083
2.04592 2.13145 -0.621841 0.783144 1 0.19183 0 1.33004e-05 -4.67098e-06 0.708145  1.92678
2.06346 2.14531 -0.618361 0.785894 1 0.193078 0 1.33453e-05 -4.69147e-06 0.720803  1.9452
2.08105 2.15909 -0.614891 0.788612 1 0.194319 0 1.33894e-05 -4.71135e-06 0.733541  1.96357
2.09871 2.1728 -0.61143 0.791298 1 0.195552 0 1.34329e-05 -4.73064e-06 0.746361  1.98188
ZONE I=5
2.09871 2.1728 -0.61143 0.791298 1 0.195552 0 1.34329e-05 -4.73064e-06 0.746361  1.98188
2.11643 2.18643 -0.607979 0.793953 1 0.196779 0 1.34758e-05 -4.74932e-06 0.75926  2.00014
2.13421 2.19998 -0.604539 0.796576 1 0.197998 0 1.3518e-05 -4.76742e-06 0.772239  2.01834
2.15204 2.21346 -0.601109 0.799167 1 0.199211 0 1.35596e-05 -4.78492e-06 0.785296  2.03649
2.16994 2.22686 -0.59769 0.801727 1 0.200417 0 1.36006e-05 -4.80184e-06 0.79843  2.05457
ZONE I=5
2.16994 2.22686 -0.59769 0.801727 1 0.200417 0 1.36006e-05 -4.80184e-06 0.79843  2.05457
2.18789 2.24018 -0.594282 0.804257 1 0.201616 0 1.36411e-05 -4.81818e-06 0.811642  2.07261
2.20589 2.25343 -0.590885 0.806756 1 0.202808 0 1.36809e-05 -4.83394e-06 0.82493  2.09058
2.22396 2.2666 -0.587499 0.809225 1 0.203994 0 1.37202e-05 -4.84913e-06 0.838293  2.1085
2.24207 2.27969 -0.584125 0.811664 1 0.205172 0 1.37589e-05 -4.86375e-06 0.851731  2.12637
ZONE I=5
2.24207 2.27969 -0.584125 0.811664 1 0.205172 0 1.37589e-05 -4.86375e-06 0.851731  2.12637
2.26025 2.29271 -0.580762 0.814073 1 0.206344 0 1.37971e-05 -4.8778e-06 0.865243  2.14418
2.27847 2.30566 -0.577412 0.816453 1 0.207509 0 1.38347e-05 -4.8913e-06 0.878828  2.16193
2.29675 2.31853 -0.574074 0.818804 1 0.208668 0 1.38718e-05 -4.90425e-06 0.892487  2.17963
2.31508 2.33133 -0.570748 0.821125 1 0.209819 0 1.39084e-05 -4.91665e-06 0.906217  2.19727
ZONE I=5
2.31508 2.33133 -0.570748 0.821125 1 0.209819 0 1.39084e-05 -4.91665e-06 0.906217  2.19727
2.33346 2.34405 -0.567435 0.823419 1 0.210964 0 1.39446e-05 -4.92851e-06 0.920018  2.21486
2.35189 2.3567 -0.564134 0.825683 1 0.212103 0 1.39802e-05 -4.93983e-06 0.93389  2.23239
2.37038 2.36927 -0.560846 0.82792 1 0.213234 0 1.40154e-05 -4.95062e-06 0.947832  2.24986
2.38891 2.38177 -0.557572 0.830129 1 0.21436 0 1.405e-05 -4.96088e-06 0.961843  2.26728
ZONE I=5
2.38891 2.38177 -0.557572 0.830129 1 0.21436 0 1.405e-05 -4.96088e-06 0.961843  2.26728
2.40749 2.3942 -0.554311 0.83231 1 0.215478 0 1.40843e-05 -4.97063e-06 0.975922  2.28465
2.42612 2.40656 -0.551063 0.834464 1 0.21659 0 1.41181e-05 -4.97986e-06 0.990069  2.30195
2.4448 2.41884 -0.547829 0.83659 1 0.217696 0 1.41515e-05 -4.98858e-06 1.00428  2.31921
2.46353 2.43105 -0.544608 0.83869 1 0.218795 0 1.41844e-05 -4.99681e-06 1.01856  2.33641
ZONE I=5
2.46353 2.43105 -0.544608 0.83869 1 0.218795 0 1.41844e-05 -4.99681e-06 1.01856  2.33641
2.4823 2.44319 -0.541402 0.840764 1 0.219887 0 1.4217e-05 -5.00453e-06 1.03291  2.35355
2.50112 2.45526 -0.53821 0.842811 1 0.220973 0 1.42491e-05 -5.01177e-06 1.04732  2.37064
2.51998 2.46725 -0.535031 0.844832 1 0.222053 0 1.42809e-05 -5.01852e-06 1.0618  2.38768
2.53889 2.47918 -0.531868 0.846828 1 0.223126 0 1.43122e-05 -5.0248e-06 1.07634  2.40466
ZONE I=5
2.53889 2.47918 -0.531868 0.846828 1 0.223126 0 1.43122e-05 -5.0248e-06 1.07634  2.40466
2.55785 2.49103 -0.528718 0.848797 1 0.224193 0 1.43432e-05 -5.03061e-06 1.09094  2.42159
2.57684 2.50282 -0.525584 0.850742 1 0.225254 0 1.43739e-05 -5.03595e-06 1.10561  2.43846
2.59588 2.51453 -0.522464 0.852662 1 0.226308 0 1.44042e-05 -5.04084e-06 1.12034  2.45528
2.61497 2.52618 -0.519359 0.854556 1 0.227356 0 1.44341e-05 -5.04528e-06 1.13513  2.47204
ZONE I=5
2.61497 2.52618 -0.519359 0.854556 1 0.227356 0 1.44341e-05 -5.04528e-06 1.13513  2.47204
2.63409 2.53776 -0.516269 0.856427 1 0.228398 0 1.44637e-05 -5.04927e-06 1.14998  2.48875
2.65326 2.54926 -0.513194 0.858273 1 0.229434 0 1.4493e-05 -5.05282e-06 1.16489  2.50541
2.67247 2.5607 -0.510134 0.860095 1 0.230463 0 1.45219e-05 -5.05595e-06 1.17986  2.52202
2.69172 2.57207 -0.50709 0.861893 1 0.231487 0 1.45506e-05 -5.05865e-06 1.19489  2.53857
ZONE I=5
2.69172 2.57207 -0.50709 0.861893 1 0.231487 0 1.45506e-05 -5.05865e-06 1.19489  2.53857
2.71101 2.58338 -0.504062 0.863668 1 0.232504 0 1.45789e-05 -5.06093e-06 1.20997  2.55507
2.73033 2.59461 -0.501049 0.865419 1 0.233515 0 1.46069e-05 -5.0628e-06 1.22512  2.57151
2.7497 2.60578 -0.498051 0.867148 1 0.23452 0 1.46347e-05 -5.06427e-06 1.24032  2.5879
2.76911 2.61688 -0.49507 0.868853 1 0.235519 0 1.46622e-05 -5.06535e-06 1.25558  2.60424
ZONE I=5
2.76911 2.61688 -0.49507 0.868853 1 0.235519 0 1.46622e-05 -5.06535e-06 1.25558  2.60424
2.78855 2.62792 -0.492104 0.870536 1 0.236512 0 1.46894e-05 -5.06603e-06 1.27089  2.62053
2.80803 2.63888 -0.489154 0.872197 1 0.2375 0 1.47163e-05 -5.06633e-06 1.28626  2.63677
2.82755 2.64979 -0.486221 0.873836 1 0.238481 0 1.4743e-05 -5.06625e-06 1.30169  2.65295
2.8471 2.66063 -0.483303 0.875453 1 0.239456 0 1.47694e-05 -5.06581e-06 1.31716  2.66908
ZONE I=5
2.8471 2.66063 -0.483303 0.875453 1 0.239456 0 1.47694e-05 -5.06581e-06 1.31716  2.66908
2.86669 2.6714 -0.480402 0.877048 1 0.240426 0 1.47956e-05 -5.065e-06 1.3327  2.68517
2.88632 2.68211 -0.477518 0.878622 1 0.24139 0 1.48216e-05 -5.06384e-06 1.34828  2.70119
2.90598 2.69275 -0.474649 0.880175 1 0.242347 0 1.48473e-05 -5.06233e-06 1.36392  2.71717
2.92568 2.70333 -0.471797 0.881707 1 0.2433 0 1.48728e-05 -5.06047e-06 1.37961  2.7331
ZONE I=5
2.92568 2.70333 -0.471797 0.881707 1 0.2433 0 1.48728e-05 -5.06047e-06 1.37961  2.7331
2.94541 2.71385 -0.468962 0.883218 1 0.244246 0 1.48981e-05 -5.05829e-06 1.39535  2.74898
2.96517 2.7243 -0.466143 0.884709 1 0.245187 0 1.49232e-05 -5.05577e-06 1.41114  2.7648
2.98496 2.73469 -0.463341 0.88618 1 0.246122 0 1.4948e-05 -5.05293e-06 1.42698  2.78058
3.00479 2.74502 -0.460556 0.887631 1 0.247052 0 1.49727e-05 -5.04978e-06 1.44287  2.79631
ZONE I=5
3.00479 2.74502 -0.460556 0.887631 1 0.247052 0 1.49727e-05 -5.04978e-06 1.44287  2.79631
3.02465 2.75528 -0.457788 0.889062 1 0.247975 0 1.49972e-05 -5.04632e-06 1.45881  2.81198
3.04455 2.76549 -0.455036 0.890473 1 0.248894 0 1.50215e-05 -5.04255e-06 1.4748  2.82761
3.06447 2.77563 -0.452301 0.891865 1 0.249807 0 1.50456e-05 -5.0385e-06 1.49084  2.84319
3.08443 2.78571 -0.449584 0.893238 1 0.250714 0 1.50695e-05 -5.03415e-06 1.50692  2.85872
ZONE I=5
3.08443 2.78571 -0.449584 0.893238 1 0.250714 0 1.50695e-05 -5.03415e-06 1.50692  2.85872
3.10441 2.79573 -0.446883 0.894592 1 0.251616 0 1.50932e-05 -5.02953e-06 1.52305  2.8742
3.12443 2.80569 -0.4442 0.895928 1 0.252512 0 1.51168e-05 -5.02463e-06 1.53923  2.88963
3.14447 2.8156 -0.441533 0.897245 1 0.253404 0 1.51403e-05 -5.01946e-06 1.55546  2.90501
3.16455 2.82544 -0.438884 0.898544 1 0.254289 0 1.51635e-05 -5.01403e-06 1.57173  2.92035
ZONE I=5
3.16455 2.82544 -0.438884 0.898544 1 0.254289 0 1.51635e-05 -5.01403e-06 1.57173  2.92035
3.18465 2.83522 -0.436252 0.899824 1 0.25517 0 1.51866e-05 -5.00835e-06 1.58804  2.93563
3.20478 2.84494 -0.433637 0.901087 1 0.256045 0 1.52096e-05 -5.00242e-06 1.6044  2.95087
3.22494 2.85461 -0.43104 0.902333 1 0.256915 0 1.52324e-05 -4.99624e-06 1.6208  2.96607
3.24513 2.86422 -0.42846 0.903561 1 0.25778 0 1.52551e-05 -4.98983e-06 1.63725  2.98121
ZONE I=5
3.24513 2.86422 -0.42846 0.903561 1 0.25778 0 1.52551e-05 -4.98983e-06 1.63725  2.98121
3.26535 2.87377 -0.425897 0.904772 1 0.258639 0 1.52777e-05 -4.9832e-06 1.65374  2.99631
3.28559 2.88326 -0.423351 0.905966 1 0.259494 0 1.53001e-05 -4.97633e-06 1.67027  3.01136
3.30586 2.8927 -0.420823 0.907143 1 0.260343 0 1.53224e-05 -4.96926e-06 1.68685  3.02637
3.32615 2.90208 -0.418313 0.908303 1 0.261187 0 1.53446e-05 -4.96197e-06 1.70346  3.04133
ZONE I=5
3.32615 2.90208 -0.418313 0.908303 1 0.261187 0 1.53446e-05 -4.96197e-06 1.70346  3.04133
3.34647 2.91141 -0.41582 0.909447 1 0.262027 0 1.53666e-05 -4.95448e-06 1.72012  3.05624
3.36682 2.92068 -0.413344 0.910575 1 0.262861 0 1.53886e-05 -4.94678e-06 1.73682  3.07111
3.38719 2.92989 -0.410886 0.911687 1 0.26369 0 1.54104e-05 -4.9389e-06 1.75356  3.08593
3.40759 2.93905 -0.408445 0.912783 1 0.264514 0 1.54321e-05 -4.93083e-06 1.77034  3.10071
ZONE I=5
3.40759 2.93905 -0.408445 0.912783 1 0.264514 0 1.54321e-05 -4.93083e-06 1.77034  3.10071
3.42801 2.94815 -0.406022 0.913864 1 0.265334 0 1.54538e-05 -4.92258e-06 1.78715  3.11544
3.44845 2.9572 -0.403616 0.914929 1 0.266148 0 1.54753e-05 -4.91416e-06 1.80401  3.13013
3.46892 2.9662 -0.401227 0.915978 1 0.266958 0 1.54967e-05 -4.90557e-06 1.8209  3.14477
3.48941 2.97515 -0.398857 0.917013 1 0.267763 0 1.5518e-05 -4.89681e-06 1.83784  3.15937
ZONE I=5
3.48941 2.97515 -0.398857 0.917013 1 0.267763 0 1.5518e-05 -4.89681e-06 1.83784  3.15937
3.50993 2.98404 -0.396504 0.918033 1 0.268563 0 1.55393e-05 -4.8879e-06 1.85481  3.17393
3.53046 2.99288 -0.394168 0.919038 1 0.269359 0 1.55604e-05 -4.87884e-06 1.87182  3.18844
3.55102 3.00166 -0.39185 0.920029 1 0.27015 0 1.55815e-05 -4.86963e-06 1.88886  3.20291
3.5716 3.0104 -0.389549 0.921006 1 0.270936 0 1.56025e-05 -4.86028e-06 1.90594  3.21734
ZONE I=5
3.5716 3.0104 -0.389549 0.921006 1 0.270936 0 1.56025e-05 -4.86028e-06 1.90594  3.21734
3.59221 3.01908 -0.387266 0.921968 1 0.271718 0 1.56234e-05 -4.85079e-06 1.92306  3.23173
3.61283 3.02772 -0.385 0.922916 1 0.272495 0 1.56443e-05 -4.84118e-06 1.94021  3.24607
3.63348 3.0363 -0.382752 0.923851 1 0.273267 0 1.5665e-05 -4.83144e-06 1.9574  3.26037
3.65414 3.04483 -0.380522 0.924772 1 0.274035 0 1.56857e-05 -4.82159e-06 1.97462  3.27463
ZONE I=5
3.65414 3.04483 -0.380522 0.924772 1 0.274035 0 1.56857e-05 -4.82159e-06 1.97462  3.27463
3.67483 3.05332 -0.378309 0.925679 1 0.274798 0 1.57063e-05 -4.81162e-06 1.99187  3.28885
3.69554 3.06175 -0.376113 0.926574 1 0.275557 0 1.57269e-05 -4.80154e-06 2.00916  3.30302
3.71626 3.07013 -0.373935 0.927455 1 0.276312 0 1.57474e-05 -4.79136e-06 2.02649  3.31716
3.73701 3.07847 -0.371774 0.928323 1 0.277062 0 1.57678e-05 -4.78108e-06 2.04384  3.33125
ZONE I=5
3.73701 3.07847 -0.371774 0.928323 1 0.277062 0 1.57678e-05 -4.78108e-06 2.04384  3.33125
3.75778 3.08676 -0.369631 0.929179 1 0.277808 0 1.57882e-05 -4.77071e-06 2.06123  3.34531
3.77856 3.095 -0.367505 0.930021 1 0.27855 0 1.58086e-05 -4.76025e-06 2.07865  3.35932
3.79936 3.10319 -0.365397 0.930852 1 0.279287 0 1.58288e-05 -4.74971e-06 2.09611  3.3733
3.82019 3.11134 -0.363306 0.93167 1 0.280021 0 1.5849e-05 -4.73908e-06 2.11359  3.38723
ZONE I=5
3.82019 3.11134 -0.363306 0.93167 1 0.280021 0 1.5849e-05 -4.73908e-06 2.11359  3.38723
3.84103 3.11944 -0.361232 0.932476 1 0.28075 0 1.58692e-05 -4.72839e-06 2.13111  3.40113
3.86188 3.12749 -0.359176 0.93327 1 0.281474 0 1.58893e-05 -4.71762e-06 2.14865  3.41499
3.88276 3.1355 -0.357137 0.934052 1 0.282195 0 1.59094e-05 -4.70679e-06 2.16623  3.42881
3.90365 3.14346 -0.355115 0.934823 1 0.282912 0 1.59294e-05 -4.6959e-06 2.18384  3.44259
ZONE I=5
3.90365 3.14346 -0.355115 0.934823 1 0.282912 0 1.59294e-05 -4.6959e-06 2.18384  3.44259
3.92456 3.15138 -0.35311 0.935582 1 0.283624 0 1.59494e-05 -4.68496e-06 2.20147  3.45633
3.94549 3.15926 -0.351123 0.936329 1 0.284333 0 1.59694e-05 -4.67396e-06 2.21914  3.47004
3.96644 3.16708 -0.349153 0.937066 1 0.285038 0 1.59893e-05 -4.66292e-06 2.23683  3.48371
3.9874 3.17487 -0.3472 0.937791 1 0.285738 0 1.60092e-05 -4.65183e-06 2.25456  3.49734
ZONE I=5
3.9874 3.17487 -0.3472 0.937791 1 0.285738 0 1.60092e-05 -4.65183e-06 2.25456  3.49734
4.00837 3.18261 -0.345264 0.938506 1 0.286435 0 1.6029e-05 -4.6407e-06 2.27231  3.51093
4.02936 3.19031 -0.343345 0.939209 1 0.287128 0 1.60488e-05 -4.62954e-06 2.29009  3.52449
4.05037 3.19796 -0.341443 0.939902 1 0.287817 0 1.60686e-05 -4.61835e-06 2.3079  3.53801
4.07139 3.20558 -0.339558 0.940585 1 0.288502 0 1.60883e-05 -4.60714e-06 2.32573  3.5515
ZONE I=5
4.07139 3.20558 -0.339558 0.940585 1 0.288502 0 1.60883e-05 -4.60714e-06 2.32573  3.5515
4.09243 3.21315 -0.337691 0.941257 1 0.289183 0 1.6108e-05 -4.5959e-06 2.34359  3.56495
4.11349 3.22068 -0.33584 0.941919 1 0.289861 0 1.61277e-05 -4.58464e-06 2.36148  3.57837
4.13455 3.22817 -0.334006 0.942571 1 0.290535 0 1.61474e-05 -4.57337e-06 2.37939  3.59175
4.15564 3.23562 -0.332189 0.943213 1 0.291205 0 1.6167e-05 -4.56209e-06 2.39733  3.60509
ZONE I=5
4.15564 3.23562 -0.332189 0.943213 1 0.291205 0 1.6167e-05 -4.56209e-06 2.39733  3.60509
4.17673 3.24302 -0.330388 0.943845 1 0.291872 0 1.61866e-05 -4.5508e-06 2.4153  3.6184
4.19784 3.25039 -0.328605 0.944468 1 0.292535 0 1.62062e-05 -4.53951e-06 2.43329  3.63168
4.21897 3.25772 -0.326838 0.945081 1 0.293195 0 1.62257e-05 -4.52821e-06 2.4513  3.64492
4.24011 3.26501 -0.325087 0.945684 1 0.293851 0 1.62453e-05 -4.51692e-06 2.46934  3.65813
ZONE I=5
4.24011 3.26501 -0.325087 0.945684 1 0.293851 0 1.62453e-05 -4.51692e-06 2.46934  3.65813
4.26126 3.27226 -0.323354 0.946278 1 0.294503 0 1.62648e-05 -4.50564e-06 2.48741  3.67131
4.28242 3.27947 -0.321637 0.946863 1 0.295152 0 1.62843e-05 -4.49437e-06 2.5055  3.68445
4.3036 3.28664 -0.319936 0.947439 1 0.295797 0 1.63038e-05 -4.48311e-06 2.52361  3.69756
4.32479 3.29377 -0.318252 0.948006 1 0.29644 0 1.63232e-05 -4.47186e-06 2.54175  3.71064
ZONE I=5
4.32479 3.29377 -0.318252 0.948006 1 0.29644 0 1.63232e-05 -4.47186e-06 2.54175  3.71064
4.346 3.30087 -0.316584 0.948564 1 0.297078 0 1.63427e-05 -4.46064e-06 2.55991  3.72369
4.36721 3.30793 -0.314933 0.949114 1 0.297714 0 1.63621e-05 -4.44944e-06 2.57809  3.7367
4.38844 3.31495 -0.313298 0.949655 1 0.298346 0 1.63815e-05 -4.43827e-06 2.59629  3.74968
4.40968 3.32194 -0.311679 0.950187 1 0.298975 0 1.64009e-05 -4.42712e-06 2.61452  3.76264
ZONE I=5
4.40968 3.32194 -0.311679 0.950187 1 0.298975 0 1.64009e-05 -4.42712e-06 2.61452  3.76264
4.43093 3.32889 -0.310077 0.950712 1 0.2996 0 1.64203e-05 -4.41601e-06 2.63277  3.77556
4.45219 3.33581 -0.30849 0.951228 1 0.300223 0 1.64397e-05 -4.40493e-06 2.65104  3.78845
4.47347 3.34269 -0.30692 0.951735 1 0.300842 0 1.64591e-05 -4.39389e-06 2.66933  3.80131
4.49476 3.34953 -0.305366 0.952235 1 0.301458 0 1.64784e-05 -4.3829e-06 2.68764  3.81414
ZONE I=5
4.49476 3.34953 -0.305366 0.952235 1 0.301458 0 1.64784e-05 -4.3829e-06 2.68764  3.81414
4.51605 3.35634 -0.303827 0.952727 1 0.302071 0 1.64978e-05 -4.37194e-06 2.70597  3.82694
4.53736 3.36312 -0.302305 0.953211 1 0.302681 0 1.65171e-05 -4.36103e-06 2.72433  3.83971
4.55868 3.36986 -0.300798 0.953688 1 0.303288 0 1.65364e-05 -4.35017e-06 2.7427  3.85245
4.58001 3.37657 -0.299307 0.954157 1 0.303892 0 1.65558e-05 -4.33936e-06 2.7611  3.86516
ZONE I=5
4.58001 3.37657 -0.299307 0.954157 1 0.303892 0 1.65558e-05 -4.33936e-06 2.7611  3.86516
4.60135 3.38325 -0.297832 0.954618 1 0.304492 0 1.65751e-05 -4.3286e-06 2.77951  3.87785
4.6227 3.38989 -0.296373 0.955072 1 0.30509 0 1.65944e-05 -4.3179e-06 2.79794  3.8905
4.64406 3.3965 -0.294929 0.955519 1 0.305685 0 1.66137e-05 -4.30726e-06 2.8164  3.90313
4.66543 3.40308 -0.293501 0.955959 1 0.306277 0 1.6633e-05 -4.29668e-06 2.83487  3.91573
ZONE I=5
4.66543 3.40308 -0.293501 0.955959 1 0.306277 0 1.6633e-05 -4.29668e-06 2.83487  3.91573
4.68681 3.40963 -0.292088 0.956392 1 0.306866 0 1.66523e-05 -4.28616e-06 2.85336  3.9283
4.7082 3.41614 -0.29069 0.956817 1 0.307453 0 1.66716e-05 -4.27571e-06 2.87187  3.94085
4.7296 3.42263 -0.289308 0.957236 1 0.308036 0 1.66909e-05 -4.26532e-06 2.89039  3.95337
4.75101 3.42908 -0.287941 0.957648 1 0.308617 0 1.67102e-05 -4.255e-06 2.90894  3.96586
ZONE I=5
4.75101 3.42908 -0.287941 0.957648 1 0.308617 0 1.67102e-05 -4.255e-06 2.90894  3.96586
4.77242 3.4355 -0.28659 0.958053 1 0.309195 0 1.67295e-05 -4.24476e-06 2.9275  3.97833
4.79385 3.4419 -0.285253 0.958452 1 0.309771 0 1.67488e-05 -4.23459e-06 2.94608  3.99077
4.81529 3.44826 -0.283932 0.958845 1 0.310343 0 1.67681e-05 -4.22449e-06 2.96468  4.00318
4.83673 3.45459 -0.282625 0.95923 1 0.310914 0 1.67874e-05 -4.21447e-06 2.98329  4.01557
ZONE I=5
4.83673 3.45459 -0.282625 0.95923 1 0.310914 0 1.67874e-05 -4.21447e-06 2.98329  4.01557
4.85818 3.4609 -0.281334 0.95961 1 0.311481 0 1.68067e-05 -4.20454e-06 3.00193  4.02793
4.87964 3.46718 -0.280057 0.959983 1 0.312046 0 1.6826e-05 -4.19468e-06 3.02057  4.04027
4.90111 3.47342 -0.278795 0.960351 1 0.312608 0 1.68453e-05 -4.1849e-06 3.03924  4.05258
4.92259 3.47964 -0.277548 0.960712 1 0.313168 0 1.68646e-05 -4.17521e-06 3.05792  4.06487
ZONE I=5
4.92259 3.47964 -0.277548 0.960712 1 0.313168 0 1.68646e-05 -4.17521e-06 3.05792  4.06487
4.94408 3.48584 -0.276315 0.961067 1 0.313725 0 1.68839e-05 -4.16561e-06 3.07661  4.07714
4.96557 3.492 -0.275097 0.961416 1 0.31428 0 1.69032e-05 -4.15609e-06 3.09533  4.08938
4.98707 3.49814 -0.273894 0.96176 1 0.314832 0 1.69225e-05 -4.14666e-06 3.11405  4.1016
5.00858 3.50425 -0.272705 0.962098 1 0.315382 0 1.69418e-05 -4.13733e-06 3.13279  4.11379
ZONE I=5
5.00858 3.50425 -0.272705 0.962098 1 0.315382 0 1.69418e-05 -4.13733e-06 3.13279  4.11379
5.0301 3.51033 -0.27153 0.96243 1 0.31593 0 1.69612e-05 -4.12808e-06 3.15155  4.12596
5.05162 3.51639 -0.27037 0.962757 1 0.316475 0 1.69805e-05 -4.11893e-06 3.17032  4.13811
5.07315 3.52243 -0.269223 0.963078 1 0.317018 0 1.69998e-05 -4.10987e-06 3.18911  4.15024
5.09469 3.52843 -0.268091 0.963393 1 0.317559 0 1.70191e-05 -4.10092e-06 3.20791  4.16234
ZONE I=5
5.09469 3.52843 -0.268091 0.963393 1 0.317559 0 1.70191e-05 -4.10092e-06 3.20791  4.16234
5.11624 3.53441 -0.266973 0.963704 1 0.318097 0 1.70385e-05 -4.09206e-06 3.22673  4.17442
5.13779 3.54037 -0.265869 0.964009 1 0.318633 0 1.70578e-05 -4.08329e-06 3.24556  4.18648
5.15935 3.5463 -0.264779 0.964309 1 0.319167 0 1.70772e-05 -4.07463e-06 3.2644  4.19852
5.18091 3.55221 -0.263703 0.964604 1 0.319699 0 1.70965e-05 -4.06607e-06 3.28325  4.21054
ZONE I=5
5.18091 3.55221 -0.263703 0.964604 1 0.319699 0 1.70965e-05 -4.06607e-06 3.28325  4.21054
5.20248 3.5581 -0.26264 0.964894 1 0.320229 0 1.71159e-05 -4.05762e-06 3.30212  4.22254
5.22406 3.56396 -0.261591 0.965179 1 0.320756 0 1.71353e-05 -4.04926e-06 3.32101  4.23451
5.24565 3.5698 -0.260556 0.965459 1 0.321282 0 1.71547e-05 -4.04101e-06 3.3399  4.24647
5.26724 3.57561 -0.259534 0.965734 1 0.321805 0 1.71741e-05 -4.03287e-06 3.35881  4.2584
ZONE I=5
5.26724 3.57561 -0.259534 0.965734 1 0.321805 0 1.71741e-05 -4.03287e-06 3.35881  4.2584
5.28884 3.5814 -0.258525 0.966004 1 0.322326 0 1.71935e-05 -4.02483e-06 3.37773  4.27032
5.31044 3.58717 -0.25753 0.96627 1 0.322846 0 1.72129e-05 -4.0169e-06 3.39666  4.28221
5.33205 3.59292 -0.256548 0.966531 1 0.323363 0 1.72323e-05 -4.00908e-06 3.41561  4.29409
5.35366 3.59865 -0.25558 0.966788 1 0.323878 0 1.72517e-05 -4.00137e-06 3.43457  4.30595
ZONE I=5
5.35366 3.59865 -0.25558 0.966788 1 0.323878 0 1.72517e-05 -4.00137e-06 3.43457  4.30595
5.37528 3.60435 -0.254624 0.96704 1 0.324391 0 1.72711e-05 -3.99377e-06 3.45354  4.31779
5.39691 3.61003 -0.253681 0.967288 1 0.324903 0 1.72906e-05 -3.98628e-06 3.47252  4.32961
5.41854 3.61569 -0.252752 0.967531 1 0.325413 0 1.731e-05 -3.9789e-06 3.49151  4.34141
5.44018 3.62134 -0.251835 0.96777 1 0.32592 0 1.73295e-05 -3.97164e-06 3.51051  4.35319
ZONE I=5
5.44018 3.62134 -0.251835 0.96777 1 0.32592 0 1.73295e-05 -3.97164e-06 3.51051  4.35319
5.46182 3.62696 -0.250931 0.968005 1 0.326426 0 1.7349e-05 -3.96449e-06 3.52953  4.36496
5.48347 3.63256 -0.25004 0.968236 1 0.32693 0 1.73685e-05 -3.95745e-06 3.54855  4.37671
5.50512 3.63814 -0.249161 0.968462 1 0.327432 0 1.7388e-05 -3.95052e-06 3.56759  4.38844
5.52678 3.6437 -0.248295 0.968684 1 0.327933 0 1.74075e-05 -3.94371e-06 3.58664  4.40015
ZONE I=5
5.52678 3.6437 -0.248295 0.968684 1 0.327933 0 1.74075e-05 -3.94371e-06 3.58664  4.40015
5.54844 3.64924 -0.247441 0.968903 1 0.328432 0 1.7427e-05 -3.93702e-06 3.60569  4.41185
5.57011 3.65477 -0.2466 0.969117 1 0.328929 0 1.74466e-05 -3.93044e-06 3.62476  4.42353
5.59178 3.66027 -0.245771 0.969328 1 0.329424 0 1.74661e-05 -3.92398e-06 3.64384  4.43519
5.61346 3.66576 -0.244954 0.969535 1 0.329918 0 1.74857e-05 -3.91764e-06 3.66293  4.44684
ZONE I=5
5.61346 3.66576 -0.244954 0.969535 1 0.329918 0 1.74857e-05 -3.91764e-06 3.66293  4.44684
5.63514 3.67123 -0.244149 0.969738 1 0.33041 0 1.75053e-05 -3.91141e-06 3.68202  4.45847
5.65682 3.67668 -0.243356 0.969937 1 0.330901 0 1.75249e-05 -3.9053e-06 3.70113  4.47008
5.67852 3.68211 -0.242576 0.970133 1 0.33139 0 1.75445e-05 -3.89931e-06 3.72025  4.48168
5.70021 3.68752 -0.241807 0.970324 1 0.331877 0 1.75641e-05 -3.89343e-06 3.73937  4.49327
ZONE I=5
5.70021 3.68752 -0.241807 0.970324 1 0.331877 0 1.75641e-05 -3.89343e-06 3.73937  4.49327
5.72191 3.69292 -0.24105 0.970513 1 0.332363 0 1.75837e-05 -3.88768e-06 3.75851  4.50484
5.74361 3.6983 -0.240304 0.970698 1 0.332847 0 1.76034e-05 -3.88204e-06 3.77765  4.51639
5.76532 3.70367 -0.23957 0.970879 1 0.33333 0 1.76231e-05 -3.87652e-06 3.7968  4.52793
5.78703 3.70902 -0.238848 0.971057 1 0.333812 0 1.76428e-05 -3.87113e-06 3.81596  4.53946
ZONE I=5
5.78703 3.70902 -0.238848 0.971057 1 0.333812 0 1.76428e-05 -3.87113e-06 3.81596  4.53946
5.80875 3.71435 -0.238137 0.971232 1 0.334292 0 1.76625e-05 -3.86585e-06 3.83513  4.55097
5.83047 3.71967 -0.237437 0.971403 1 0.33477 0 1.76822e-05 -3.86069e-06 3.85431  4.56247
5.85219 3.72497 -0.236749 0.971571 1 0.335247 0 1.77019e-05 -3.85565e-06 3.8735  4.57395
5.87391 3.73026 -0.236072 0.971736 1 0.335723 0 1.77216e-05 -3.85073e-06 3.89269  4.58543
ZONE I=5
5.87391 3.73026 -0.236072 0.971736 1 0.335723 0 1.77216e-05 -3.85073e-06 3.89269  4.58543
5.89565 3.73553 -0.235406 0.971897 1 0.336197 0 1.77414e-05 -3.84593e-06 3.91189  4.59688
5.91738 3.74078 -0.23475 0.972056 1 0.336671 0 1.77612e-05 -3.84125e-06 3.9311  4.60833
5.93912 3.74603 -0.234106 0.972211 1 0.337142 0 1.7781e-05 -3.83669e-06 3.95032  4.61976
5.96086 3.75125 -0.233473 0.972363 1 0.337613 0 1.78008e-05 -3.83225e-06 3.96954  4.63118
ZONE I=5
5.96086 3.75125 -0.233473 0.972363 1 0.337613 0 1.78008e-05 -3.83225e-06 3.96954  4.63118
5.9826 3.75647 -0.23285 0.972513 1 0.338082 0 1.78206e-05 -3.82793e-06 3.98878  4.64259
6.00435 3.76167 -0.232238 0.972659 1 0.33855 0 1.78405e-05 -3.82373e-06 4.00802  4.65398
6.0261 3.76685 -0.231637 0.972802 1 0.339017 0 1.78603e-05 -3.81965e-06 4.02726  4.66536
6.04785 3.77203 -0.231046 0.972943 1 0.339482 0 1.78802e-05 -3.81568e-06 4.04652  4.67673
ZONE I=5
6.04785 3.77203 -0.231046 0.972943 1 0.339482 0 1.78802e-05 -3.81568e-06 4.04652  4.67673
6.06961 3.77719 -0.230465 0.973081 1 0.339947 0 1.79001e-05 -3.81184e-06 4.06578  4.68809
6.09137 3.78233 -0.229895 0.973216 1 0.34041 0 1.79201e-05 -3.80812e-06 4.08504  4.69944
6.11313 3.78747 -0.229335 0.973348 1 0.340872 0 1.794e-05 -3.80451e-06 4.10432  4.71078
6.1349 3.79259 -0.228785 0.973477 1 0.341333 0 1.796e-05 -3.80102e-06 4.1236  4.7221
ZONE I=5
6.1349 3.79259 -0.228785 0.973477 1 0.341333 0 1.796e-05 -3.80102e-06 4.1236  4.7221
6.15667 3.7977 -0.228245 0.973604 1 0.341793 0 1.79799e-05 -3.79766e-06 4.14289  4.73342
6.17844 3.8028 -0.227714 0.973728 1 0.342252 0 1.79999e-05 -3.79441e-06 4.16218  4.74472
6.20022 3.80788 -0.227194 0.973849 1 0.342709 0 1.802e-05 -3.79127e-06 4.18148  4.75601
6.22199 3.81296 -0.226684 0.973968 1 0.343166 0 1.804e-05 -3.78826e-06 4.20078  4.7673
ZONE I=5
6.22199 3.81296 -0.226684 0.973968 1 0.343166 0 1.804e-05 -3.78826e-06 4.20078  4.7673
6.24377 3.81802 -0.226183 0.974085 1 0.343622 0 1.80601e-05 -3.78536e-06 4.22009  4.77857
6.26555 3.82307 -0.225692 0.974199 1 0.344076 0 1.80801e-05 -3.78258e-06 4.23941  4.78983
6.28734 3.82811 -0.22521 0.97431 1 0.34453 0 1.81002e-05 -3.77991e-06 4.25873  4.80109
6.30913 3.83314 -0.224737 0.974419 1 0.344983 0 1.81203e-05 -3.77736e-06 4.27806  4.81233
ZONE I=5
6.30913 3.83314 -0.224737 0.974419 1 0.344983 0 1.81203e-05 -3.77736e-06 4.27806  4.81233
6.33092 3.83816 -0.224274 0.974526 1 0.345435 0 1.81405e-05 -3.77493e-06 4.29739  4.82357
6.35271 3.84317 -0.22382 0.97463 1 0.345886 0 1.81606e-05 -3.77261e-06 4.31673  4.83479
6.3745 3.84817 -0.223376 0.974732 1 0.346336 0 1.81808e-05 -3.77041e-06 4.33607  4.84601
6.3963 3.85316 -0.22294 0.974832 1 0.346785 0 1.8201e-05 -3.76832e-06 4.35542  4.85722
ZONE I=5
6.3963 3.85316 -0.22294 0.974832 1 0.346785 0 1.8201e-05 -3.76832e-06 4.35542  4.85722
6.4181 3.85814 -0.222513 0.97493 1 0.347233 0 1.82213e-05 -3.76634e-06 4.37478  4.86842
6.4399 3.86311 -0.222095 0.975025 1 0.34768 0 1.82415e-05 -3.76448e-06 4.39413  4.87961
6.4617 3.86808 -0.221686 0.975118 1 0.348127 0 1.82618e-05 -3.76273e-06 4.4135  4.89079
6.48351 3.87303 -0.221286 0.975209 1 0.348573 0 1.82821e-05 -3.76109e-06 4.43287  4.90197
ZONE I=5
6.48351 3.87303 -0.221286 0.975209 1 0.348573 0 1.82821e-05 -3.76109e-06 4.43287  4.90197
6.50532 3.87797 -0.220894 0.975298 1 0.349017 0 1.83024e-05 -3.75957e-06 4.45224  4.91314
6.52713 3.88291 -0.22051 0.975385 1 0.349462 0 1.83227e-05 -3.75815e-06 4.47161  4.9243
6.54894 3.88783 -0.220135 0.975469 1 0.349905 0 1.83431e-05 -3.75684e-06 4.491  4.93545
6.57075 3.89275 -0.219768 0.975552 1 0.350348 0 1.83634e-05 -3.75565e-06 4.51038  4.94659
ZONE I=5
6.57075 3.89275 -0.219768 0.975552 1 0.350348 0 1.83634e-05 -3.75565e-06 4.51038  4.94659
6.59256 3.89766 -0.21941 0.975633 1 0.35079 0 1.83838e-05 -3.75456e-06 4.52977  4.95773
6.61438 3.90256 -0.21906 0.975711 1 0.351231 0 1.84043e-05 -3.75358e-06 4.54916  4.96886
6.6362 3.90746 -0.218717 0.975788 1 0.351671 0 1.84247e-05 -3.75271e-06 4.56856  4.97998
6.65802 3.91235 -0.218383 0.975863 1 0.352111 0 1.84452e-05 -3.75195e-06 4.58796  4.9911
ZONE I=5
6.65802 3.91235 -0.218383 0.975863 1 0.352111 0 1.84452e-05 -3.75195e-06 4.58796  4.9911
6.67984 3.91723 -0.218056 0.975936 1 0.35255 0 1.84657e-05 -3.75129e-06 4.60737  5.00221
6.70166 3.9221 -0.217737 0.976007 1 0.352989 0 1.84862e-05 -3.75074e-06 4.62678  5.01332
6.72349 3.92696 -0.217426 0.976077 1 0.353427 0 1.85067e-05 -3.75029e-06 4.64619  5.02441
6.74532 3.93182 -0.217122 0.976144 1 0.353864 0 1.85273e-05 -3.74995e-06 4.6656  5.0355
ZONE I=5
6.74532 3.93182 -0.217122 0.976144 1 0.353864 0 1.85273e-05 -3.74995e-06 4.6656  5.0355
6.76714 3.93667 -0.216826 0.97621 1 0.354301 0 1.85479e-05 -3.74971e-06 4.68502  5.04659
6.78897 3.94152 -0.216537 0.976274 1 0.354737 0 1.85685e-05 -3.74957e-06 4.70445  5.05767
6.8108 3.94636 -0.216256 0.976337 1 0.355172 0 1.85891e-05 -3.74953e-06 4.72387  5.06874
6.83264 3.95119 -0.215982 0.976397 1 0.355607 0 1.86098e-05 -3.74959e-06 4.7433  5.07981
ZONE I=5
6.83264 3.95119 -0.215982 0.976397 1 0.355607 0 1.86098e-05 -3.74959e-06 4.7433  5.07981
6.85447 3.95602 -0.215715 0.976456 1 0.356041 0 1.86305e-05 -3.74976e-06 4.76273  5.09088
6.8763 3.96084 -0.215454 0.976514 1 0.356475 0 1.86512e-05 -3.75002e-06 4.78217  5.10193
6.89814 3.96565 -0.215201 0.97657 1 0.356909 0 1.86719e-05 -3.75038e-06 4.80161  5.11299
6.91998 3.97046 -0.214955 0.976624 1 0.357341 0 1.86926e-05 -3.75083e-06 4.82105  5.12403
ZONE I=5
6.91998 3.97046 -0.214955 0.976624 1 0.357341 0 1.86926e-05 -3.75083e-06 4.82105  5.12403
6.94182 3.97526 -0.214715 0.976677 1 0.357774 0 1.87134e-05 -3.75139e-06 4.84049  5.13508
6.96366 3.98006 -0.214482 0.976728 1 0.358206 0 1.87342e-05 -3.75204e-06 4.85994  5.14612
6.9855 3.98486 -0.214256 0.976778 1 0.358637 0 1.8755e-05 -3.75278e-06 4.87939  5.15715
7.00734 3.98964 -0.214036 0.976826 1 0.359068 0 1.87759e-05 -3.75362e-06 4.89884  5.16818
ZONE I=5
7.00734 3.98964 -0.214036 0.976826 1 0.359068 0 1.87759e-05 -3.75362e-06 4.89884  5.16818
7.02918 3.99443 -0.213822 0.976873 1 0.359499 0 1.87967e-05 -3.75455e-06 4.91829  5.1792
7.05103 3.99921 -0.213615 0.976918 1 0.359929 0 1.88176e-05 -3.75557e-06 4.93775  5.19022
7.07287 4.00398 -0.213413 0.976962 1 0.360358 0 1.88385e-05 -3.75668e-06 4.95721  5.20124
7.09472 4.00875 -0.213218 0.977005 1 0.360788 0 1.88595e-05 -3.75788e-06 4.97667  5.21225
ZONE I=5
7.09472 4.00875 -0.213218 0.977005 1 0.360788 0 1.88595e-05 -3.75788e-06 4.97667  5.21225
7.11656 4.01352 -0.213029 0.977046 1 0.361217 0 1.88805e-05 -3.75917e-06 4.99613  5.22326
7.13841 4.01828 -0.212846 0.977086 1 0.361645 0 1.89014e-05 -3.76054e-06 5.01559  5.23427
7.16026 4.02304 -0.212669 0.977124 1 0.362073 0 1.89225e-05 -3.76201e-06 5.03506  5.24527
7.18211 4.02779 -0.212497 0.977162 1 0.362501 0 1.89435e-05 -3.76356e-06 5.05453  5.25627
ZONE I=5
7.18211 4.02779 -0.212497 0.977162 1 0.362501 0 1.89435e-05 -3.76356e-06 5.05453  5.25627
7.20396 4.03254 -0.212331 0.977198 1 0.362928 0 1.89645e-05 -3.76519e-06 5.074  5.26726
7.22581 4.03728 -0.21217 0.977233 1 0.363356 0 1.89856e-05 -3.7669e-06 5.09347  5.27825
7.24766 4.04203 -0.212015 0.977266 1 0.363782 0 1.90067e-05 -3.7687e-06 5.11295  5.28924
7.26952 4.04677 -0.211865 0.977299 1 0.364209 0 1.90279e-05 -3.77058e-06 5.13242  5.30023
ZONE I=5
7.26952 4.04677 -0.211865 0.977299 1 0.364209 0 1.90279e-05 -3.77058e-06 5.13242  5.30023
7.29137 4.0515 -0.211721 0.97733 1 0.364635 0 1.9049e-05 -3.77254e-06 5.1519  5.31121
7.31322 4.05623 -0.211582 0.97736 1 0.365061 0 1.90702e-05 -3.77458e-06 5.17138  5.32219
7.33508 4.06096 -0.211447 0.977389 1 0.365487 0 1.90914e-05 -3.77669e-06 5.19086  5.33317
7.35693 4.06569 -0.211318 0.977417 1 0.365912 0 1.91126e-05 -3.77888e-06 5.21034  5.34414
ZONE I=5
7.35693 4.06569 -0.211318 0.977417 1 0.365912 0 1.91126e-05 -3.77888e-06 5.21034  5.34414
7.37879 4.07041 -0.211194 0.977444 1 0.366337 0 1.91339e-05 -3.78115e-06 5.22983  5.35511
7.40065 4.07514 -0.211074 0.97747 1 0.366762 0 1.91551e-05 -3.78349e-06 5.24931  5.36608
7.4225 4.07985 -0.210959 0.977495 1 0.367187 0 1.91764e-05 -3.7859e-06 5.2688  5.37705
7.44436 4.08457 -0.210849 0.977519 1 0.367611 0 1.91977e-05 -3.78839e-06 5.28829  5.38801
ZONE I=5
7.44436 4.08457 -0.210849 0.977519 1 0.367611 0 1.91977e-05 -3.78839e-06 5.28829  5.38801
7.46622 4.08928 -0.210743 0.977542 1 0.368036 0 1.9219e-05 -3.79095e-06 5.30778  5.39898
7.48808 4.094 -0.210641 0.977563 1 0.36846 0 1.92404e-05 -3.79357e-06 5.32727  5.40994
7.50994 4.0987 -0.210544 0.977584 1 0.368883 0 1.92618e-05 -3.79626e-06 5.34676  5.4209
7.5318 4.10341 -0.210451 0.977604 1 0.369307 0 1.92832e-05 -3.79902e-06 5.36625  5.43185
ZONE I=5
7.5318 4.10341 -0.210451 0.977604 1 0.369307 0 1.92832e-05 -3.79902e-06 5.36625  5.43185
7.55366 4.10812 -0.210362 0.977623 1 0.36973 0 1.93046e-05 -3.80185e-06 5.38574  5.44281
7.57552 4.11282 -0.210278 0.977642 1 0.370154 0 1.9326e-05 -3.80474e-06 5.40524  5.45376
7.59738 4.11752 -0.210197 0.977659 1 0.370577 0 1.93475e-05 -3.80769e-06 5.42473  5.46471
7.61924 4.12222 -0.21012 0.977676 1 0.371 0 1.9369e-05 -3.81071e-06 5.44423  5.47566
ZONE I=5
7.61924 4.12222 -0.21012 0.977676 1 0.371 0 1.9369e-05 -3.81071e-06 5.44423  5.47566
7.6411 4.12692 -0.210047 0.977691 1 0.371423 0 1.93905e-05 -3.81378e-06 5.46373  5.48661
7.66296 4.13161 -0.209977 0.977706 1 0.371845 0 1.9412e-05 -3.81691e-06 5.48323  5.49756
7.68483 4.13631 -0.209911 0.977721 1 0.372268 0 1.94335e-05 -3.8201e-06 5.50272  5.5085
7.70669 4.141 -0.209848 0.977734 1 0.37269 0 1.94551e-05 -3.82335e-06 5.52222  5.51945
ZONE I=5
7.70669 4.141 -0.209848 0.977734 1 0.37269 0 1.94551e-05 -3.82335e-06 5.52222  5.51945
7.72855 4.14569 -0.209789 0.977747 1 0.373112 0 1.94767e-05 -3.82666e-06 5.54172  5.53039
7.75042 4.15038 -0.209733 0.977759 1 0.373534 0 1.94983e-05 -3.83001e-06 5.56122  5.54133
7.77228 4.15507 -0.209681 0.97777 1 0.373956 0 1.95199e-05 -3.83342e-06 5.58072  5.55227
7.79414 4.15976 -0.209631 0.977781 1 0.374378 0 1.95415e-05 -3.83688e-06 5.60023  5.56321
ZONE I=5
7.79414 4.15976 -0.209631 0.977781 1 0.374378 0 1.95415e-05 -3.83688e-06 5.60023  5.56321
7.81601 4.16445 -0.209585 0.97779 1 0.3748 0 1.95632e-05 -3.84039e-06 5.61973  5.57415
7.83787 4.16913 -0.209541 0.9778 1 0.375222 0 1.95848e-05 -3.84395e-06 5.63923  5.58509
7.85974 4.17382 -0.2095 0.977809 1 0.375644 0 1.96065e-05 -3.84755e-06 5.65874  5.59603
7.8816 4.1785 -0.209462 0.977817 1 0.376065 0 1.96282e-05 -3.8512e-06 5.67824  5.60696
ZONE I=5
7.8816 4.1785 -0.209462 0.977817 1 0.376065 0 1.96282e-05 -3.8512e-06 5.67824  5.60696
7.90346 4.18318 -0.209427 0.977824 1 0.376487 0 1.965e-05 -3.85489e-06 5.69774  5.6179
7.92533 4.18787 -0.209394 0.977831 1 0.376908 0 1.96717e-05 -3.85863e-06 5.71725  5.62883
7.94719 4.19255 -0.209363 0.977838 1 0.377329 0 1.96934e-05 -3.8624e-06 5.73675  5.63977
7.96906 4.19723 -0.209335 0.977844 1 0.377751 0 1.97152e-05 -3.86622e-06 5.75626  5.6507
ZONE I=5
7.96906 4.19723 -0.209335 0.977844 1 0.377751 0 1.97152e-05 -3.86622e-06 5.75626  5.6507
7.99092 4.20191 -0.209309 0.97785 1 0.378172 0 1.9737e-05 -3.87007e-06 5.77576  5.66163
8.01279 4.20659 -0.209285 0.977855 1 0.378593 0 1.97588e-05 -3.87396e-06 5.79527  5.67257
8.03466 4.21127 -0.209263 0.977859 1 0.379014 0 1.97806e-05 -3.87789e-06 5.81478  5.6835
8.05652 4.21595 -0.209244 0.977864 1 0.379435 0 1.98024e-05 -3.88185e-06 5.83428  5.69443
ZONE I=5
8.05652 4.21595 -0.209244 0.977864 1 0.379435 0 1.98024e-05 -3.88185e-06 5.83428  5.69443
8.07839 4.22063 -0.209226 0.977867 1 0.379857 0 1.98242e-05 -3.88584e-06 5.85379  5.70536
8.10025 4.22531 -0.20921 0.977871 1 0.380278 0 1.98461e-05 -3.88986e-06 5.87329  5.71629
8.12212 4.22998 -0.209195 0.977874 1 0.380699 0 1.9868e-05 -3.89391e-06 5.8928  5.72722
8.14398 4.23466 -0.209183 0.977877 1 0.38112 0 1.98898e-05 -3.89799e-06 5.91231  5.73815
ZONE I=5
8.14398 4.23466 -0.209183 0.977877 1 0.38112 0 1.98898e-05 -3.89799e-06 5.91231  5.73815
8.16585 4.23934 -0.209171 0.977879 1 0.381541 0 1.99117e-05 -3.9021e-06 5.93182  5.74909
8.18772 4.24402 -0.209161 0.977881 1 0.381961 0 1.99336e-05 -3.90623e-06 5.95132  5.76002
8.20958 4.24869 -0.209153 0.977883 1 0.382382 0 1.99555e-05 -3.91038e-06 5.97083  5.77095
8.23145 4.25337 -0.209146 0.977885 1 0.382803 0 1.99774e-05 -3.91455e-06 5.99034  5.78187
ZONE I=5
8.23145 4.25337 -0.209146 0.977885 1 0.382803 0 1.99774e-05 -3.91455e-06 5.99034  5.78187
8.25332 4.25805 -0.209139 0.977886 1 0.383224 0 1.99993e-05 -3.91874e-06 6.00985  5.7928
8.27518 4.26272 -0.209134 0.977887 1 0.383645 0 2.00212e-05 -3.92296e-06 6.02935  5.80373
8.29705 4.2674 -0.20913 0.977888 1 0.384066 0 2.00432e-05 -3.92718e-06 6.04886  5.81466
8.31891 4.27208 -0.209127 0.977889 1 0.384487 0 2.00651e-05 -3.93143e-06 6.06837  5.82559
ZONE I=5
8.31891 4.27208 -0.209127 0.977889 1 0.384487 0 2.00651e-05 -3.93143e-06 6.06837  5.82559
8.34078 4.27675 -0.209124 0.977889 1 0.384908 0 2.0087e-05 -3.93568e-06 6.08788  5.83652
8.36265 4.28143 -0.209122 0.97789 1 0.385329 0 2.0109e-05 -3.93995e-06 6.10738  5.84745
8.38451 4.2861 -0.20912 0.97789 1 0.385749 0 2.01309e-05 -3.94423e-06 6.12689  5.85838
8.40638 4.29078 -0.20912 0.97789 1 0.38617 0 2.01529e-05 -3.94851e-06 6.1464  5.86931
ZONE I=5
8.40638 4.29078 -0.20912 0.97789 1 0.38617 0 2.01529e-05 -3.94851e-06 6.1464  5.86931
8.42825 4.29546 -0.209119 0.97789 1 0.386591 0 2.01748e-05 -3.95281e-06 6.16591  5.88024
8.45011 4.30013 -0.209119 0.97789 1 0.387012 0 2.01968e-05 -3.9571e-06 6.18541  5.89117
8.47198 4.30481 -0.209119 0.97789 1 0.387433 0 2.02188e-05 -3.9614e-06 6.20492  5.9021
8.49384 4.30948 -0.209119 0.97789 1 0.387854 0 2.02407e-05 -3.96571e-06 6.22443  5.91303
