ZONE I=5
0.8 0.5 -0.937574 0.347786 1 0.035 0 3.28833e-06 -5.70631e-07 0  0
0.807605 0.520315 -0.935515 0.353287 1 0.036422 0 3.41491e-06 -6.01883e-07 0.00126208  0.0216547
0.815549 0.541175 -0.933583 0.35836 1 0.0378823 0 3.54498e-06 -6.33693e-07 0.00268588  0.0439313
0.823686 0.562209 -0.931671 0.363303 1 0.0393546 0 3.67574e-06 -6.66035e-07 0.00424438  0.06643
0.831874 0.58304 -0.929675 0.368382 1 0.0408128 0 3.80436e-06 -6.98869e-07 0.00591051  0.088751
ZONE I=5
0.831874 0.58304 -0.929675 0.368382 1 0.0408128 0 3.80436e-06 -6.98869e-07 0.00591051  0.088751
0.840124 0.603695 -0.927651 0.373448 1 0.0422586 0 3.93119e-06 -7.31982e-07 0.00768806  0.110921
0.848525 0.624402 -0.925634 0.37842 1 0.0437082 0 4.05786e-06 -7.655e-07 0.00959446  0.133186
0.857051 0.6451 -0.923607 0.383342 1 0.045157 0 4.18391e-06 -7.99408e-07 0.0116232  0.15548
0.865676 0.665726 -0.92155 0.388259 1 0.0466008 0 4.30884e-06 -8.3369e-07 0.0137677  0.177733
ZONE I=5
0.865676 0.665726 -0.92155 0.388259 1 0.0466008 0 4.30884e-06 -8.3369e-07 0.0137677  0.177733
0.874402 0.686283 -0.919475 0.393148 1 0.0480398 0 4.43272e-06 -8.68294e-07 0.0160283  0.19995
0.883243 0.70681 -0.917389 0.397992 1 0.0494767 0 4.55582e-06 -9.03231e-07 0.0184084  0.222173
0.892195 0.727297 -0.915287 0.402802 1 0.0509108 0 4.67807e-06 -9.38487e-07 0.0209061  0.24439
0.901252 0.747732 -0.913168 0.407583 1 0.0523412 0 4.79937e-06 -9.74048e-07 0.0235196  0.266589
ZONE I=5
0.901252 0.747732 -0.913168 0.407583 1 0.0523412 0 4.79937e-06 -9.74048e-07 0.0235196  0.266589
0.910413 0.768116 -0.911034 0.412332 1 0.0537681 0 4.91973e-06 -1.00989e-06 0.0262484  0.28877
0.919682 0.788454 -0.908885 0.417046 1 0.0551918 0 5.03921e-06 -1.04601e-06 0.0290928  0.310939
0.929057 0.808746 -0.906723 0.421727 1 0.0566122 0 5.15779e-06 -1.0824e-06 0.0320519  0.333095
0.938535 0.828988 -0.904546 0.426376 1 0.0580292 0 5.27544e-06 -1.11903e-06 0.0351248  0.355234
ZONE I=5
0.938535 0.828988 -0.904546 0.426376 1 0.0580292 0 5.27544e-06 -1.11903e-06 0.0351248  0.355234
0.948117 0.849181 -0.902356 0.430992 1 0.0594427 0 5.39218e-06 -1.15589e-06 0.038311  0.377357
0.957801 0.869326 -0.900152 0.435576 1 0.0608528 0 5.50801e-06 -1.19297e-06 0.04161  0.399464
0.967588 0.889421 -0.897936 0.440126 1 0.0622595 0 5.62293e-06 -1.23026e-06 0.0450212  0.421554
0.977476 0.909467 -0.895707 0.444645 1 0.0636627 0 5.73693e-06 -1.26775e-06 0.0485438  0.443626
ZONE I=5
0.977476 0.909467 -0.895707 0.444645 1 0.0636627 0 5.73693e-06 -1.26775e-06 0.0485438  0.443626
0.987465 0.929463 -0.893466 0.44913 1 0.0650624 0 5.85002e-06 -1.30542e-06 0.0521774  0.465681
0.997554 0.949408 -0.891214 0.453584 1 0.0664586 0 5.9622e-06 -1.34326e-06 0.0559212  0.487717
1.00774 0.969303 -0.88895 0.458004 1 0.0678512 0 6.07347e-06 -1.38126e-06 0.0597748  0.509734
1.01803 0.989148 -0.886675 0.462393 1 0.0692403 0 6.18383e-06 -1.4194e-06 0.0637374  0.531733
ZONE I=5
1.01803 0.989148 -0.886675 0.462393 1 0.0692403 0 6.18383e-06 -1.4194e-06 0.0637374  0.531733
1.02841 1.00894 -0.88439 0.466749 1 0.0706259 0 6.29328e-06 -1.45768e-06 0.0678084  0.553711
1.03889 1.02868 -0.882094 0.471073 1 0.0720079 0 6.40183e-06 -1.49607e-06 0.0719872  0.575669
1.04947 1.04838 -0.879789 0.475364 1 0.0733863 0 6.50947e-06 -1.53458e-06 0.0762733  0.597607
1.06014 1.06801 -0.877474 0.479624 1 0.074761 0 6.61621e-06 -1.57319e-06 0.0806659  0.619523
ZONE I=5
1.06014 1.06801 -0.877474 0.479624 1 0.074761 0 6.61621e-06 -1.57319e-06 0.0806659  0.619523
1.07091 1.0876 -0.87515 0.483851 1 0.0761322 0 6.72204e-06 -1.61188e-06 0.0851645  0.641418
1.08178 1.10714 -0.872817 0.488047 1 0.0774997 0 6.82699e-06 -1.65065e-06 0.0897684  0.663292
1.09273 1.12662 -0.870476 0.492211 1 0.0788635 0 6.93104e-06 -1.68948e-06 0.094477  0.685143
1.10378 1.14605 -0.868127 0.496343 1 0.0802237 0 7.03419e-06 -1.72837e-06 0.0992897  0.706971
ZONE I=5
1.10378 1.14605 -0.868127 0.496343 1 0.0802237 0 7.03419e-06 -1.72837e-06 0.0992897  0.706971
1.11492 1.16543 -0.865769 0.500443 1 0.0815803 0 7.13646e-06 -1.76731e-06 0.104206  0.728777
1.12615 1.18476 -0.863405 0.504512 1 0.0829331 0 7.23785e-06 -1.80627e-06 0.109225  0.750559
1.13747 1.20403 -0.861033 0.508549 1 0.0842822 0 7.33836e-06 -1.84527e-06 0.114346  0.772318
1.14889 1.22325 -0.858654 0.512555 1 0.0856276 0 7.43799e-06 -1.88427e-06 0.119569  0.794052
ZONE I=5
1.14889 1.22325 -0.858654 0.512555 1 0.0856276 0 7.43799e-06 -1.88427e-06 0.119569  0.794052
1.16039 1.24242 -0.856269 0.51653 1 0.0869693 0 7.53675e-06 -1.92328e-06 0.124893  0.815762
1.17198 1.26153 -0.853878 0.520474 1 0.0883073 0 7.63464e-06 -1.96228e-06 0.130317  0.837447
1.18366 1.28059 -0.851481 0.524386 1 0.0896415 0 7.73166e-06 -2.00127e-06 0.135841  0.859107
1.19542 1.2996 -0.849078 0.528267 1 0.0909719 0 7.82783e-06 -2.04023e-06 0.141464  0.880742
ZONE I=5
1.19542 1.2996 -0.849078 0.528267 1 0.0909719 0 7.82783e-06 -2.04023e-06 0.141464  0.880742
1.20727 1.31855 -0.84667 0.532118 1 0.0922987 0 7.92315e-06 -2.07916e-06 0.147185  0.90235
1.21921 1.33745 -0.844257 0.535938 1 0.0936216 0 8.01762e-06 -2.11805e-06 0.153004  0.923933
1.23123 1.3563 -0.84184 0.539727 1 0.0949408 0 8.11124e-06 -2.15688e-06 0.158921  0.94549
1.24334 1.37509 -0.839418 0.543486 1 0.0962561 0 8.20402e-06 -2.19566e-06 0.164934  0.967019
ZONE I=5
1.24334 1.37509 -0.839418 0.543486 1 0.0962561 0 8.20402e-06 -2.19566e-06 0.164934  0.967019
1.25553 1.39382 -0.836993 0.547214 1 0.0975677 0 8.29597e-06 -2.23437e-06 0.171043  0.988522
1.26781 1.41251 -0.834563 0.550912 1 0.0988755 0 8.3871e-06 -2.273e-06 0.177247  1.01
1.28016 1.43114 -0.832131 0.55458 1 0.10018 0 8.4774e-06 -2.31156e-06 0.183546  1.03145
1.2926 1.44971 -0.829695 0.558218 1 0.10148 0 8.56688e-06 -2.35002e-06 0.189939  1.05287
ZONE I=5
1.2926 1.44971 -0.829695 0.558218 1 0.10148 0 8.56688e-06 -2.35002e-06 0.189939  1.05287
1.30512 1.46823 -0.827256 0.561826 1 0.102776 0 8.65556e-06 -2.38838e-06 0.196426  1.07426
1.31772 1.4867 -0.824814 0.565404 1 0.104069 0 8.74343e-06 -2.42664e-06 0.203006  1.09562
1.3304 1.50511 -0.822371 0.568952 1 0.105357 0 8.8305e-06 -2.46478e-06 0.209678  1.11696
1.34315 1.52346 -0.819925 0.572471 1 0.106642 0 8.91678e-06 -2.50281e-06 0.216441  1.13826
ZONE I=5
1.34315 1.52346 -0.819925 0.572471 1 0.106642 0 8.91678e-06 -2.50281e-06 0.216441  1.13826
1.35599 1.54176 -0.817477 0.575961 1 0.107923 0 9.00227e-06 -2.54071e-06 0.223295  1.15954
1.3689 1.56001 -0.815029 0.579421 1 0.109201 0 9.08698e-06 -2.57847e-06 0.23024  1.18079
1.3819 1.5782 -0.812578 0.582852 1 0.110474 0 9.17092e-06 -2.6161e-06 0.237275  1.20201
1.39496 1.59634 -0.810127 0.586254 1 0.111744 0 9.2541e-06 -2.65358e-06 0.244399  1.2232
ZONE I=5
1.39496 1.59634 -0.810127 0.586254 1 0.111744 0 9.2541e-06 -2.65358e-06 0.244399  1.2232
1.40811 1.61442 -0.807675 0.589628 1 0.11301 0 9.33651e-06 -2.69091e-06 0.251611  1.24436
1.42132 1.63245 -0.805223 0.592972 1 0.114272 0 9.41817e-06 -2.72809e-06 0.258912  1.26549
1.43462 1.65042 -0.80277 0.596288 1 0.11553 0 9.49908e-06 -2.7651e-06 0.266299  1.28658
1.44798 1.66834 -0.800318 0.599576 1 0.116784 0 9.57926e-06 -2.80195e-06 0.273774  1.30765
ZONE I=5
1.44798 1.66834 -0.800318 0.599576 1 0.116784 0 9.57926e-06 -2.80195e-06 0.273774  1.30765
1.46142 1.68621 -0.797866 0.602835 1 0.118034 0 9.6587e-06 -2.83862e-06 0.281335  1.32869
1.47494 1.70401 -0.795414 0.606066 1 0.119281 0 9.73741e-06 -2.87511e-06 0.288981  1.3497
1.48852 1.72177 -0.792963 0.60927 1 0.120524 0 9.8154e-06 -2.91142e-06 0.296712  1.37067
1.50218 1.73947 -0.790513 0.612445 1 0.121763 0 9.89268e-06 -2.94755e-06 0.304527  1.39162
ZONE I=5
1.50218 1.73947 -0.790513 0.612445 1 0.121763 0 9.89268e-06 -2.94755e-06 0.304527  1.39162
1.5159 1.75711 -0.788065 0.615593 1 0.122998 0 9.96926e-06 -2.98348e-06 0.312426  1.41253
1.5297 1.7747 -0.785617 0.618713 1 0.124229 0 1.00451e-05 -3.01921e-06 0.320408  1.43341
1.54357 1.79224 -0.783172 0.621805 1 0.125457 0 1.01203e-05 -3.05475e-06 0.328473  1.45426
1.5575 1.80972 -0.780728 0.624871 1 0.12668 0 1.01948e-05 -3.09008e-06 0.33662  1.47508
ZONE I=5
1.5575 1.80972 -0.780728 0.624871 1 0.12668 0 1.01948e-05 -3.09008e-06 0.33662  1.47508
1.5715 1.82715 -0.778287 0.627909 1 0.1279 0 1.02687e-05 -3.1252e-06 0.344848  1.49587
1.58557 1.84452 -0.775847 0.630921 1 0.129116 0 1.03418e-05 -3.16011e-06 0.353157  1.51662
1.59971 1.86183 -0.773411 0.633905 1 0.130328 0 1.04143e-05 -3.1948e-06 0.361545  1.53734
1.61392 1.8791 -0.770977 0.636863 1 0.131537 0 1.04861e-05 -3.22927e-06 0.370014  1.55803
ZONE I=5
1.61392 1.8791 -0.770977 0.636863 1 0.131537 0 1.04861e-05 -3.22927e-06 0.370014  1.55803
1.62819 1.89631 -0.768546 0.639795 1 0.132741 0 1.05573e-05 -3.26352e-06 0.378561  1.57869
1.64252 1.91346 -0.766118 0.6427 1 0.133942 0 1.06279e-05 -3.29755e-06 0.387187  1.59931
1.65692 1.93056 -0.763694 0.645579 1 0.135139 0 1.06978e-05 -3.33135e-06 0.395891  1.6199
1.67139 1.94761 -0.761273 0.648432 1 0.136332 0 1.07671e-05 -3.36491e-06 0.404672  1.64046
ZONE I=5
1.67139 1.94761 -0.761273 0.648432 1 0.136332 0 1.07671e-05 -3.36491e-06 0.404672  1.64046
1.68592 1.9646 -0.758856 0.651259 1 0.137522 0 1.08358e-05 -3.39824e-06 0.413529  1.66099
1.70051 1.98154 -0.756443 0.65406 1 0.138707 0 1.09038e-05 -3.43134e-06 0.422463  1.68148
1.71516 1.99842 -0.754034 0.656836 1 0.139889 0 1.09713e-05 -3.46419e-06 0.431472  1.70194
1.72987 2.01525 -0.751629 0.659586 1 0.141067 0 1.10381e-05 -3.49681e-06 0.440556  1.72237
ZONE I=5
1.72987 2.01525 -0.751629 0.659586 1 0.141067 0 1.10381e-05 -3.49681e-06 0.440556  1.72237
1.74465 2.03203 -0.749229 0.662311 1 0.142242 0 1.11044e-05 -3.52918e-06 0.449715  1.74276
1.75949 2.04875 -0.746833 0.665012 1 0.143412 0 1.11701e-05 -3.56131e-06 0.458947  1.76312
1.77439 2.06542 -0.744442 0.667687 1 0.144579 0 1.12352e-05 -3.59319e-06 0.468253  1.78345
1.78934 2.08204 -0.742057 0.670337 1 0.145742 0 1.12998e-05 -3.62482e-06 0.477631  1.80375
ZONE I=5
1.78934 2.08204 -0.742057 0.670337 1 0.145742 0 1.12998e-05 -3.62482e-06 0.477631  1.80375
1.80436 2.0986 -0.739676 0.672963 1 0.146902 0 1.13637e-05 -3.6562e-06 0.487081  1.82401
1.81943 2.11511 -0.737301 0.675564 1 0.148058 0 1.14272e-05 -3.68733e-06 0.496603  1.84423
1.83456 2.13156 -0.734932 0.678141 1 0.14921 0 1.14901e-05 -3.71821e-06 0.506196  1.86443
1.84975 2.14797 -0.732568 0.680694 1 0.150358 0 1.15524e-05 -3.74883e-06 0.515859  1.88459
ZONE I=5
1.84975 2.14797 -0.732568 0.680694 1 0.150358 0 1.15524e-05 -3.74883e-06 0.515859  1.88459
1.865 2.16432 -0.73021 0.683223 1 0.151502 0 1.16142e-05 -3.7792e-06 0.525592  1.90471
1.8803 2.18062 -0.727858 0.685728 1 0.152643 0 1.16755e-05 -3.80931e-06 0.535395  1.92481
1.89566 2.19687 -0.725512 0.68821 1 0.153781 0 1.17363e-05 -3.83916e-06 0.545266  1.94487
1.91107 2.21306 -0.723172 0.690668 1 0.154914 0 1.17965e-05 -3.86876e-06 0.555206  1.96489
ZONE I=5
1.91107 2.21306 -0.723172 0.690668 1 0.154914 0 1.17965e-05 -3.86876e-06 0.555206  1.96489
1.92654 2.2292 -0.720839 0.693102 1 0.156044 0 1.18563e-05 -3.8981e-06 0.565213  1.98488
1.94206 2.24529 -0.718513 0.695514 1 0.15717 0 1.19156e-05 -3.92718e-06 0.575287  2.00484
1.95764 2.26133 -0.716193 0.697902 1 0.158293 0 1.19743e-05 -3.956e-06 0.585428  2.02477
1.97327 2.27731 -0.71388 0.700268 1 0.159412 0 1.20326e-05 -3.98456e-06 0.595636  2.04466
ZONE I=5
1.97327 2.27731 -0.71388 0.700268 1 0.159412 0 1.20326e-05 -3.98456e-06 0.595636  2.04466
1.98895 2.29325 -0.711574 0.702611 1 0.160527 0 1.20904e-05 -4.01286e-06 0.605908  2.06451
2.00469 2.30913 -0.709276 0.704931 1 0.161639 0 1.21478e-05 -4.0409e-06 0.616246  2.08434
2.02047 2.32496 -0.706984 0.707229 1 0.162747 0 1.22046e-05 -4.06868e-06 0.626648  2.10413
2.03631 2.34074 -0.7047 0.709505 1 0.163852 0 1.22611e-05 -4.09621e-06 0.637114  2.12388
ZONE I=5
2.03631 2.34074 -0.7047 0.709505 1 0.163852 0 1.22611e-05 -4.09621e-06 0.637114  2.12388
2.0522 2.35647 -0.702424 0.711759 1 0.164953 0 1.2317e-05 -4.12347e-06 0.647644  2.14361
2.06813 2.37215 -0.700155 0.713991 1 0.166051 0 1.23726e-05 -4.15047e-06 0.658237  2.16329
2.08412 2.38778 -0.697894 0.716201 1 0.167145 0 1.24277e-05 -4.17721e-06 0.668892  2.18295
2.10016 2.40336 -0.695641 0.718389 1 0.168235 0 1.24823e-05 -4.2037e-06 0.679609  2.20257
ZONE I=5
2.10016 2.40336 -0.695641 0.718389 1 0.168235 0 1.24823e-05 -4.2037e-06 0.679609  2.20257
2.11624 2.41889 -0.693396 0.720557 1 0.169322 0 1.25366e-05 -4.22993e-06 0.690387  2.22216
2.13238 2.43436 -0.691159 0.722702 1 0.170405 0 1.25904e-05 -4.2559e-06 0.701226  2.24171
2.14856 2.44979 -0.688931 0.724827 1 0.171485 0 1.26438e-05 -4.28161e-06 0.712126  2.26123
2.16479 2.46517 -0.68671 0.726931 1 0.172562 0 1.26968e-05 -4.30707e-06 0.723086  2.28072
ZONE I=5
2.16479 2.46517 -0.68671 0.726931 1 0.172562 0 1.26968e-05 -4.30707e-06 0.723086  2.28072
2.18106 2.4805 -0.684499 0.729014 1 0.173635 0 1.27495e-05 -4.33227e-06 0.734105  2.30017
2.19739 2.49578 -0.682296 0.731076 1 0.174704 0 1.28017e-05 -4.35721e-06 0.745182  2.31959
2.21375 2.51101 -0.680101 0.733118 1 0.17577 0 1.28535e-05 -4.38191e-06 0.756318  2.33898
2.23017 2.52619 -0.677915 0.73514 1 0.176833 0 1.2905e-05 -4.40635e-06 0.767512  2.35833
ZONE I=5
2.23017 2.52619 -0.677915 0.73514 1 0.176833 0 1.2905e-05 -4.40635e-06 0.767512  2.35833
2.24663 2.54132 -0.675739 0.737141 1 0.177892 0 1.29561e-05 -4.43054e-06 0.778764  2.37765
2.26313 2.5564 -0.673571 0.739123 1 0.178948 0 1.30068e-05 -4.45448e-06 0.790072  2.39694
2.27968 2.57144 -0.671412 0.741084 1 0.180001 0 1.30572e-05 -4.47817e-06 0.801437  2.41619
2.29627 2.58642 -0.669262 0.743026 1 0.18105 0 1.31072e-05 -4.50162e-06 0.812858  2.43541
ZONE I=5
2.29627 2.58642 -0.669262 0.743026 1 0.18105 0 1.31072e-05 -4.50162e-06 0.812858  2.43541
2.3129 2.60136 -0.667122 0.744948 1 0.182095 0 1.31569e-05 -4.52481e-06 0.824334  2.4546
2.32958 2.61626 -0.664991 0.746851 1 0.183138 0 1.32062e-05 -4.54777e-06 0.835865  2.47376
2.3463 2.6311 -0.66287 0.748735 1 0.184177 0 1.32552e-05 -4.57048e-06 0.847451  2.49288
2.36306 2.6459 -0.660758 0.750599 1 0.185213 0 1.33038e-05 -4.59295e-06 0.85909  2.51197
ZONE I=5
2.36306 2.6459 -0.660758 0.750599 1 0.185213 0 1.33038e-05 -4.59295e-06 0.85909  2.51197
2.37986 2.66065 -0.658655 0.752445 1 0.186245 0 1.33522e-05 -4.61517e-06 0.870784  2.53102
2.3967 2.67535 -0.656562 0.754272 1 0.187274 0 1.34002e-05 -4.63716e-06 0.88253  2.55005
2.41359 2.69001 -0.654479 0.75608 1 0.1883 0 1.34479e-05 -4.65892e-06 0.894329  2.56904
2.43051 2.70461 -0.652406 0.757869 1 0.189323 0 1.34953e-05 -4.68043e-06 0.90618  2.588
ZONE I=5
2.43051 2.70461 -0.652406 0.757869 1 0.189323 0 1.34953e-05 -4.68043e-06 0.90618  2.588
2.44748 2.71918 -0.650343 0.759641 1 0.190342 0 1.35424e-05 -4.70172e-06 0.918083  2.60692
2.46448 2.7337 -0.64829 0.761394 1 0.191359 0 1.35891e-05 -4.72277e-06 0.930037  2.62582
2.48152 2.74817 -0.646247 0.763129 1 0.192372 0 1.36356e-05 -4.74359e-06 0.942042  2.64468
2.4986 2.76259 -0.644213 0.764846 1 0.193382 0 1.36819e-05 -4.76419e-06 0.954097  2.66351
ZONE I=5
2.4986 2.76259 -0.644213 0.764846 1 0.193382 0 1.36819e-05 -4.76419e-06 0.954097  2.66351
2.51572 2.77697 -0.642191 0.766545 1 0.194388 0 1.37278e-05 -4.78455e-06 0.966202  2.68231
2.53288 2.79131 -0.640178 0.768227 1 0.195392 0 1.37734e-05 -4.8047e-06 0.978357  2.70107
2.55008 2.8056 -0.638175 0.769891 1 0.196392 0 1.38188e-05 -4.82462e-06 0.990561  2.71981
2.56731 2.81985 -0.636183 0.771538 1 0.197389 0 1.38639e-05 -4.84432e-06 1.00281  2.73851
ZONE I=5
2.56731 2.81985 -0.636183 0.771538 1 0.197389 0 1.38639e-05 -4.84432e-06 1.00281  2.73851
2.58458 2.83405 -0.634202 0.773168 1 0.198383 0 1.39088e-05 -4.86381e-06 1.01511  2.75718
2.60188 2.84821 -0.632231 0.77478 1 0.199374 0 1.39534e-05 -4.88308e-06 1.02746  2.77582
2.61922 2.86232 -0.63027 0.776376 1 0.200362 0 1.39977e-05 -4.90213e-06 1.03986  2.79443
2.6366 2.87639 -0.62832 0.777955 1 0.201347 0 1.40418e-05 -4.92098e-06 1.0523  2.81301
ZONE I=5
2.6366 2.87639 -0.62832 0.777955 1 0.201347 0 1.40418e-05 -4.92098e-06 1.0523  2.81301
2.65401 2.89042 -0.626381 0.779517 1 0.202329 0 1.40857e-05 -4.93961e-06 1.06479  2.83155
2.67146 2.9044 -0.624452 0.781063 1 0.203308 0 1.41293e-05 -4.95804e-06 1.07732  2.85007
2.68894 2.91834 -0.622534 0.782593 1 0.204284 0 1.41727e-05 -4.97626e-06 1.0899  2.86855
2.70645 2.93224 -0.620627 0.784106 1 0.205257 0 1.42159e-05 -4.99428e-06 1.10253  2.887
ZONE I=5
2.70645 2.93224 -0.620627 0.784106 1 0.205257 0 1.42159e-05 -4.99428e-06 1.10253  2.887
2.724 2.94609 -0.618731 0.785603 1 0.206227 0 1.42588e-05 -5.0121e-06 1.1152  2.90542
2.74158 2.95991 -0.616845 0.787085 1 0.207193 0 1.43015e-05 -5.02972e-06 1.12791  2.92382
2.7592 2.97368 -0.614971 0.78855 1 0.208157 0 1.4344e-05 -5.04714e-06 1.14067  2.94218
2.77684 2.98741 -0.613107 0.79 1 0.209118 0 1.43863e-05 -5.06437e-06 1.15347  2.96051
ZONE I=5
2.77684 2.98741 -0.613107 0.79 1 0.209118 0 1.43863e-05 -5.06437e-06 1.15347  2.96051
2.79452 3.00109 -0.611254 0.791434 1 0.210077 0 1.44284e-05 -5.08141e-06 1.16632  2.97881
2.81223 3.01474 -0.609413 0.792853 1 0.211032 0 1.44703e-05 -5.09826e-06 1.1792  2.99708
2.82998 3.02835 -0.607582 0.794257 1 0.211984 0 1.4512e-05 -5.11493e-06 1.19213  3.01532
2.84775 3.04191 -0.605763 0.795645 1 0.212934 0 1.45535e-05 -5.13141e-06 1.20511  3.03353
ZONE I=5
2.84775 3.04191 -0.605763 0.795645 1 0.212934 0 1.45535e-05 -5.13141e-06 1.20511  3.03353
2.86556 3.05543 -0.603954 0.797019 1 0.21388 0 1.45948e-05 -5.14771e-06 1.21812  3.05171
2.88339 3.06892 -0.602157 0.798378 1 0.214824 0 1.46359e-05 -5.16383e-06 1.23117  3.06987
2.90126 3.08236 -0.600371 0.799721 1 0.215765 0 1.46768e-05 -5.17977e-06 1.24427  3.08799
2.91915 3.09577 -0.598596 0.801051 1 0.216704 0 1.47176e-05 -5.19553e-06 1.2574  3.10608
ZONE I=5
2.91915 3.09577 -0.598596 0.801051 1 0.216704 0 1.47176e-05 -5.19553e-06 1.2574  3.10608
2.93708 3.10913 -0.596833 0.802366 1 0.217639 0 1.47582e-05 -5.21113e-06 1.27058  3.12415
2.95503 3.12245 -0.595081 0.803666 1 0.218572 0 1.47986e-05 -5.22656e-06 1.28379  3.14218
2.97302 3.13574 -0.59334 0.804952 1 0.219502 0 1.48389e-05 -5.24181e-06 1.29705  3.16019
2.99103 3.14899 -0.59161 0.806224 1 0.220429 0 1.4879e-05 -5.25691e-06 1.31034  3.17817
ZONE I=5
2.99103 3.14899 -0.59161 0.806224 1 0.220429 0 1.4879e-05 -5.25691e-06 1.31034  3.17817
3.00907 3.1622 -0.589892 0.807482 1 0.221354 0 1.49189e-05 -5.27184e-06 1.32367  3.19612
3.02714 3.17537 -0.588184 0.808727 1 0.222276 0 1.49587e-05 -5.28661e-06 1.33704  3.21404
3.04524 3.1885 -0.586489 0.809957 1 0.223195 0 1.49984e-05 -5.30122e-06 1.35045  3.23193
3.06336 3.20159 -0.584805 0.811174 1 0.224112 0 1.50378e-05 -5.31568e-06 1.36389  3.2498
ZONE I=5
3.06336 3.20159 -0.584805 0.811174 1 0.224112 0 1.50378e-05 -5.31568e-06 1.36389  3.2498
3.08151 3.21465 -0.583132 0.812378 1 0.225026 0 1.50772e-05 -5.32999e-06 1.37738  3.26764
3.09969 3.22767 -0.58147 0.813568 1 0.225937 0 1.51164e-05 -5.34415e-06 1.39089  3.28545
3.11789 3.24065 -0.57982 0.814745 1 0.226846 0 1.51555e-05 -5.35816e-06 1.40445  3.30323
3.13612 3.2536 -0.578181 0.815908 1 0.227752 0 1.51944e-05 -5.37202e-06 1.41804  3.32099
ZONE I=5
3.13612 3.2536 -0.578181 0.815908 1 0.227752 0 1.51944e-05 -5.37202e-06 1.41804  3.32099
3.15438 3.26651 -0.576554 0.817059 1 0.228656 0 1.52332e-05 -5.38574e-06 1.43166  3.33871
3.17266 3.27938 -0.574938 0.818197 1 0.229557 0 1.52719e-05 -5.39932e-06 1.44532  3.35641
3.19097 3.29222 -0.573334 0.819322 1 0.230455 0 1.53104e-05 -5.41276e-06 1.45902  3.37409
3.2093 3.30502 -0.571741 0.820434 1 0.231351 0 1.53489e-05 -5.42607e-06 1.47275  3.39174
ZONE I=5
3.2093 3.30502 -0.571741 0.820434 1 0.231351 0 1.53489e-05 -5.42607e-06 1.47275  3.39174
3.22765 3.31779 -0.57016 0.821534 1 0.232245 0 1.53872e-05 -5.43925e-06 1.48651  3.40936
3.24604 3.33052 -0.56859 0.822621 1 0.233136 0 1.54254e-05 -5.45229e-06 1.50031  3.42695
3.26444 3.34321 -0.567032 0.823696 1 0.234025 0 1.54635e-05 -5.46521e-06 1.51414  3.44452
3.28287 3.35587 -0.565485 0.824759 1 0.234911 0 1.55015e-05 -5.478e-06 1.52801  3.46206
ZONE I=5
3.28287 3.35587 -0.565485 0.824759 1 0.234911 0 1.55015e-05 -5.478e-06 1.52801  3.46206
3.30132 3.3685 -0.563949 0.825809 1 0.235795 0 1.55394e-05 -5.49066e-06 1.54191  3.47958
3.3198 3.38109 -0.562425 0.826848 1 0.236677 0 1.55771e-05 -5.50321e-06 1.55584  3.49707
3.3383 3.39365 -0.560913 0.827875 1 0.237556 0 1.56148e-05 -5.51564e-06 1.5698  3.51453
3.35682 3.40618 -0.559412 0.82889 1 0.238432 0 1.56524e-05 -5.52795e-06 1.58379  3.53197
ZONE I=5
3.35682 3.40618 -0.559412 0.82889 1 0.238432 0 1.56524e-05 -5.52795e-06 1.58379  3.53197
3.37537 3.41867 -0.557922 0.829893 1 0.239307 0 1.56899e-05 -5.54014e-06 1.59782  3.54938
3.39393 3.43113 -0.556444 0.830885 1 0.240179 0 1.57273e-05 -5.55223e-06 1.61187  3.56677
3.41252 3.44355 -0.554978 0.831865 1 0.241049 0 1.57646e-05 -5.56421e-06 1.62596  3.58414
3.43113 3.45595 -0.553523 0.832834 1 0.241916 0 1.58018e-05 -5.57608e-06 1.64008  3.60148
ZONE I=5
3.43113 3.45595 -0.553523 0.832834 1 0.241916 0 1.58018e-05 -5.57608e-06 1.64008  3.60148
3.44977 3.46831 -0.552079 0.833792 1 0.242781 0 1.5839e-05 -5.58784e-06 1.65422  3.61879
3.46842 3.48063 -0.550647 0.834738 1 0.243644 0 1.5876e-05 -5.59951e-06 1.6684  3.63608
3.4871 3.49293 -0.549226 0.835674 1 0.244505 0 1.5913e-05 -5.61107e-06 1.68261  3.65335
3.50579 3.5052 -0.547816 0.836599 1 0.245364 0 1.59499e-05 -5.62254e-06 1.69684  3.67059
ZONE I=5
3.50579 3.5052 -0.547816 0.836599 1 0.245364 0 1.59499e-05 -5.62254e-06 1.69684  3.67059
3.52451 3.51743 -0.546418 0.837512 1 0.24622 0 1.59867e-05 -5.63391e-06 1.71111  3.68781
3.54324 3.52963 -0.545032 0.838415 1 0.247074 0 1.60235e-05 -5.64519e-06 1.7254  3.705
3.562 3.5418 -0.543657 0.839308 1 0.247926 0 1.60602e-05 -5.65638e-06 1.73973  3.72217
3.58078 3.55394 -0.542293 0.84019 1 0.248776 0 1.60968e-05 -5.66748e-06 1.75408  3.73932
ZONE I=5
3.58078 3.55394 -0.542293 0.84019 1 0.248776 0 1.60968e-05 -5.66748e-06 1.75408  3.73932
3.59957 3.56605 -0.54094 0.841061 1 0.249624 0 1.61334e-05 -5.67849e-06 1.76845  3.75644
3.61839 3.57813 -0.539599 0.841922 1 0.250469 0 1.61699e-05 -5.68942e-06 1.78286  3.77354
3.63722 3.59018 -0.538269 0.842773 1 0.251313 0 1.62063e-05 -5.70026e-06 1.79729  3.79062
3.65608 3.60221 -0.536951 0.843614 1 0.252154 0 1.62427e-05 -5.71103e-06 1.81175  3.80768
ZONE I=5
3.65608 3.60221 -0.536951 0.843614 1 0.252154 0 1.62427e-05 -5.71103e-06 1.81175  3.80768
3.67495 3.6142 -0.535644 0.844444 1 0.252994 0 1.62791e-05 -5.72172e-06 1.82624  3.82471
3.69384 3.62616 -0.534348 0.845265 1 0.253831 0 1.63153e-05 -5.73234e-06 1.84075  3.84172
3.71275 3.63809 -0.533063 0.846076 1 0.254667 0 1.63516e-05 -5.74288e-06 1.85529  3.85871
3.73168 3.65 -0.53179 0.846877 1 0.2555 0 1.63878e-05 -5.75335e-06 1.86985  3.87568
ZONE I=5
3.73168 3.65 -0.53179 0.846877 1 0.2555 0 1.63878e-05 -5.75335e-06 1.86985  3.87568
3.75062 3.66187 -0.530527 0.847668 1 0.256331 0 1.64239e-05 -5.76375e-06 1.88444  3.89262
3.76958 3.67372 -0.529276 0.84845 1 0.257161 0 1.646e-05 -5.77408e-06 1.89905  3.90955
3.78856 3.68554 -0.528036 0.849222 1 0.257988 0 1.6496e-05 -5.78435e-06 1.91369  3.92645
3.80756 3.69734 -0.526808 0.849985 1 0.258814 0 1.65321e-05 -5.79456e-06 1.92836  3.94333
ZONE I=5
3.80756 3.69734 -0.526808 0.849985 1 0.258814 0 1.65321e-05 -5.79456e-06 1.92836  3.94333
3.82658 3.7091 -0.52559 0.850738 1 0.259637 0 1.6568e-05 -5.8047e-06 1.94304  3.96019
3.84561 3.72084 -0.524383 0.851482 1 0.260459 0 1.6604e-05 -5.81479e-06 1.95776  3.97703
3.86465 3.73255 -0.523188 0.852217 1 0.261279 0 1.66399e-05 -5.82481e-06 1.97249  3.99384
3.88372 3.74424 -0.522003 0.852943 1 0.262097 0 1.66757e-05 -5.83479e-06 1.98725  4.01064
ZONE I=5
3.88372 3.74424 -0.522003 0.852943 1 0.262097 0 1.66757e-05 -5.83479e-06 1.98725  4.01064
3.9028 3.7559 -0.52083 0.85366 1 0.262913 0 1.67116e-05 -5.84471e-06 2.00203  4.02742
3.92189 3.76753 -0.519667 0.854369 1 0.263727 0 1.67474e-05 -5.85458e-06 2.01684  4.04417
3.941 3.77914 -0.518516 0.855068 1 0.26454 0 1.67832e-05 -5.8644e-06 2.03167  4.06091
3.96013 3.79072 -0.517375 0.855759 1 0.26535 0 1.68189e-05 -5.87417e-06 2.04652  4.07763
ZONE I=5
3.96013 3.79072 -0.517375 0.855759 1 0.26535 0 1.68189e-05 -5.87417e-06 2.04652  4.07763
3.97927 3.80227 -0.516246 0.856441 1 0.266159 0 1.68547e-05 -5.8839e-06 2.06139  4.09432
3.99843 3.8138 -0.515127 0.857114 1 0.266966 0 1.68904e-05 -5.89358e-06 2.07628  4.111
4.0176 3.82531 -0.514019 0.857779 1 0.267772 0 1.69261e-05 -5.90322e-06 2.0912  4.12766
4.03679 3.83679 -0.512922 0.858435 1 0.268575 0 1.69617e-05 -5.91282e-06 2.10614  4.1443
ZONE I=5
4.03679 3.83679 -0.512922 0.858435 1 0.268575 0 1.69617e-05 -5.91282e-06 2.10614  4.1443
4.05599 3.84825 -0.511835 0.859084 1 0.269377 0 1.69974e-05 -5.92239e-06 2.12109  4.16092
4.07521 3.85968 -0.510759 0.859724 1 0.270178 0 1.7033e-05 -5.93191e-06 2.13607  4.17752
4.09444 3.87109 -0.509694 0.860356 1 0.270976 0 1.70686e-05 -5.9414e-06 2.15107  4.1941
4.11369 3.88248 -0.50864 0.860979 1 0.271773 0 1.71043e-05 -5.95086e-06 2.1661  4.21066
ZONE I=5
4.11369 3.88248 -0.50864 0.860979 1 0.271773 0 1.71043e-05 -5.95086e-06 2.1661  4.21066
4.13294 3.89384 -0.507596 0.861595 1 0.272569 0 1.71398e-05 -5.96029e-06 2.18114  4.22721
4.15222 3.90518 -0.506563 0.862203 1 0.273362 0 1.71754e-05 -5.96969e-06 2.1962  4.24374
4.1715 3.91649 -0.505541 0.862803 1 0.274154 0 1.7211e-05 -5.97906e-06 2.21128  4.26025
4.1908 3.92778 -0.504529 0.863395 1 0.274945 0 1.72466e-05 -5.9884e-06 2.22638  4.27674
ZONE I=5
4.1908 3.92778 -0.504529 0.863395 1 0.274945 0 1.72466e-05 -5.9884e-06 2.22638  4.27674
4.21011 3.93905 -0.503527 0.863979 1 0.275734 0 1.72822e-05 -5.99772e-06 2.2415  4.29321
4.22944 3.9503 -0.502536 0.864556 1 0.276521 0 1.73177e-05 -6.00702e-06 2.25663  4.30967
4.24878 3.96153 -0.501555 0.865126 1 0.277307 0 1.73533e-05 -6.01629e-06 2.27179  4.32611
4.26813 3.97273 -0.500585 0.865687 1 0.278091 0 1.73888e-05 -6.02554e-06 2.28697  4.34253
ZONE I=5
4.26813 3.97273 -0.500585 0.865687 1 0.278091 0 1.73888e-05 -6.02554e-06 2.28697  4.34253
4.28749 3.98391 -0.499625 0.866242 1 0.278874 0 1.74244e-05 -6.03478e-06 2.30216  4.35893
4.30687 3.99507 -0.498675 0.866789 1 0.279655 0 1.746e-05 -6.044e-06 2.31737  4.37532
4.32625 4.00621 -0.497736 0.867329 1 0.280435 0 1.74955e-05 -6.0532e-06 2.3326  4.39169
4.34565 4.01733 -0.496807 0.867861 1 0.281213 0 1.75311e-05 -6.06239e-06 2.34785  4.40805
ZONE I=5
4.34565 4.01733 -0.496807 0.867861 1 0.281213 0 1.75311e-05 -6.06239e-06 2.34785  4.40805
4.36507 4.02843 -0.495888 0.868387 1 0.28199 0 1.75666e-05 -6.07156e-06 2.36311  4.42439
4.38449 4.03951 -0.494979 0.868905 1 0.282766 0 1.76022e-05 -6.08073e-06 2.3784  4.44071
4.40392 4.05057 -0.49408 0.869416 1 0.28354 0 1.76378e-05 -6.08989e-06 2.39369  4.45702
4.42337 4.06161 -0.493191 0.869921 1 0.284312 0 1.76734e-05 -6.09903e-06 2.40901  4.47331
ZONE I=5
4.42337 4.06161 -0.493191 0.869921 1 0.284312 0 1.76734e-05 -6.09903e-06 2.40901  4.47331
4.44283 4.07262 -0.492313 0.870418 1 0.285084 0 1.7709e-05 -6.10817e-06 2.42434  4.48959
4.46229 4.08362 -0.491444 0.870909 1 0.285854 0 1.77446e-05 -6.11731e-06 2.43969  4.50585
4.48177 4.0946 -0.490585 0.871393 1 0.286622 0 1.77802e-05 -6.12644e-06 2.45506  4.52209
4.50126 4.10556 -0.489736 0.871871 1 0.287389 0 1.78159e-05 -6.13557e-06 2.47044  4.53832
ZONE I=5
4.50126 4.10556 -0.489736 0.871871 1 0.287389 0 1.78159e-05 -6.13557e-06 2.47044  4.53832
4.52076 4.1165 -0.488897 0.872342 1 0.288155 0 1.78515e-05 -6.14469e-06 2.48583  4.55454
4.54028 4.12743 -0.488067 0.872806 1 0.28892 0 1.78872e-05 -6.15382e-06 2.50124  4.57074
4.5598 4.13833 -0.487248 0.873264 1 0.289683 0 1.79228e-05 -6.16295e-06 2.51667  4.58693
4.57933 4.14922 -0.486438 0.873715 1 0.290445 0 1.79585e-05 -6.17207e-06 2.53211  4.6031
ZONE I=5
4.57933 4.14922 -0.486438 0.873715 1 0.290445 0 1.79585e-05 -6.17207e-06 2.53211  4.6031
4.59887 4.16008 -0.485637 0.87416 1 0.291206 0 1.79942e-05 -6.18121e-06 2.54757  4.61925
4.61842 4.17093 -0.484847 0.874599 1 0.291965 0 1.803e-05 -6.19034e-06 2.56304  4.6354
4.63798 4.18177 -0.484065 0.875032 1 0.292724 0 1.80657e-05 -6.19949e-06 2.57853  4.65153
4.65755 4.19258 -0.483294 0.875458 1 0.293481 0 1.81015e-05 -6.20864e-06 2.59403  4.66764
ZONE I=5
4.65755 4.19258 -0.483294 0.875458 1 0.293481 0 1.81015e-05 -6.20864e-06 2.59403  4.66764
4.67713 4.20338 -0.482531 0.875879 1 0.294237 0 1.81373e-05 -6.21779e-06 2.60954  4.68375
4.69672 4.21416 -0.481779 0.876293 1 0.294991 0 1.81731e-05 -6.22696e-06 2.62507  4.69983
4.71632 4.22493 -0.481035 0.876701 1 0.295745 0 1.82089e-05 -6.23614e-06 2.64062  4.71591
4.73593 4.23567 -0.480301 0.877104 1 0.296497 0 1.82448e-05 -6.24532e-06 2.65617  4.73197
ZONE I=5
4.73593 4.23567 -0.480301 0.877104 1 0.296497 0 1.82448e-05 -6.24532e-06 2.65617  4.73197
4.75555 4.24641 -0.479576 0.8775 1 0.297248 0 1.82807e-05 -6.25453e-06 2.67174  4.74802
4.77517 4.25712 -0.478861 0.877891 1 0.297998 0 1.83166e-05 -6.26374e-06 2.68732  4.76406
4.79481 4.26782 -0.478154 0.878276 1 0.298747 0 1.83525e-05 -6.27297e-06 2.70292  4.78008
4.81445 4.2785 -0.477457 0.878655 1 0.299495 0 1.83885e-05 -6.28221e-06 2.71853  4.79609
ZONE I=5
4.81445 4.2785 -0.477457 0.878655 1 0.299495 0 1.83885e-05 -6.28221e-06 2.71853  4.79609
4.8341 4.28917 -0.476768 0.879029 1 0.300242 0 1.84245e-05 -6.29147e-06 2.73415  4.81209
4.85376 4.29983 -0.476089 0.879397 1 0.300988 0 1.84605e-05 -6.30075e-06 2.74978  4.82808
4.87343 4.31046 -0.475419 0.87976 1 0.301732 0 1.84965e-05 -6.31004e-06 2.76543  4.84406
4.89311 4.32109 -0.474757 0.880117 1 0.302476 0 1.85326e-05 -6.31936e-06 2.78108  4.86002
ZONE I=5
4.89311 4.32109 -0.474757 0.880117 1 0.302476 0 1.85326e-05 -6.31936e-06 2.78108  4.86002
4.91279 4.3317 -0.474105 0.880469 1 0.303219 0 1.85687e-05 -6.32869e-06 2.79675  4.87597
4.93248 4.34229 -0.473461 0.880815 1 0.30396 0 1.86049e-05 -6.33805e-06 2.81244  4.89191
4.95218 4.35287 -0.472826 0.881156 1 0.304701 0 1.86411e-05 -6.34742e-06 2.82813  4.90784
4.97189 4.36343 -0.472199 0.881492 1 0.30544 0 1.86773e-05 -6.35683e-06 2.84383  4.92376
ZONE I=5
4.97189 4.36343 -0.472199 0.881492 1 0.30544 0 1.86773e-05 -6.35683e-06 2.84383  4.92376
4.9916 4.37399 -0.471582 0.881822 1 0.306179 0 1.87135e-05 -6.36625e-06 2.85955  4.93966
5.01132 4.38452 -0.470973 0.882148 1 0.306917 0 1.87498e-05 -6.3757e-06 2.87527  4.95556
5.03105 4.39505 -0.470372 0.882468 1 0.307653 0 1.87861e-05 -6.38517e-06 2.89101  4.97144
5.05079 4.40556 -0.46978 0.882783 1 0.308389 0 1.88224e-05 -6.39467e-06 2.90676  4.98732
ZONE I=5
5.05079 4.40556 -0.46978 0.882783 1 0.308389 0 1.88224e-05 -6.39467e-06 2.90676  4.98732
5.07053 4.41606 -0.469196 0.883094 1 0.309124 0 1.88588e-05 -6.40419e-06 2.92252  5.00318
5.09028 4.42654 -0.468621 0.883399 1 0.309858 0 1.88952e-05 -6.41375e-06 2.93829  5.01903
5.11004 4.43702 -0.468054 0.8837 1 0.310591 0 1.89317e-05 -6.42333e-06 2.95407  5.03488
5.1298 4.44748 -0.467496 0.883995 1 0.311323 0 1.89682e-05 -6.43293e-06 2.96986  5.05071
ZONE I=5
5.1298 4.44748 -0.467496 0.883995 1 0.311323 0 1.89682e-05 -6.43293e-06 2.96986  5.05071
5.14957 4.45792 -0.466945 0.884286 1 0.312055 0 1.90047e-05 -6.44257e-06 2.98566  5.06653
5.16935 4.46836 -0.466403 0.884572 1 0.312785 0 1.90413e-05 -6.45224e-06 3.00147  5.08235
5.18913 4.47878 -0.465869 0.884854 1 0.313515 0 1.90779e-05 -6.46194e-06 3.01729  5.09815
5.20892 4.48919 -0.465343 0.885131 1 0.314243 0 1.91145e-05 -6.47167e-06 3.03311  5.11394
ZONE I=5
5.20892 4.48919 -0.465343 0.885131 1 0.314243 0 1.91145e-05 -6.47167e-06 3.03311  5.11394
5.22871 4.49959 -0.464825 0.885403 1 0.314971 0 1.91512e-05 -6.48143e-06 3.04895  5.12973
5.24851 4.50998 -0.464314 0.88567 1 0.315699 0 1.9188e-05 -6.49123e-06 3.0648  5.14551
5.26832 4.52036 -0.463812 0.885934 1 0.316425 0 1.92247e-05 -6.50106e-06 3.08065  5.16127
5.28813 4.53072 -0.463318 0.886192 1 0.317151 0 1.92616e-05 -6.51092e-06 3.09652  5.17703
ZONE I=5
5.28813 4.53072 -0.463318 0.886192 1 0.317151 0 1.92616e-05 -6.51092e-06 3.09652  5.17703
5.30795 4.54108 -0.462831 0.886447 1 0.317875 0 1.92984e-05 -6.52081e-06 3.11239  5.19278
5.32778 4.55142 -0.462352 0.886697 1 0.318599 0 1.93353e-05 -6.53074e-06 3.12827  5.20852
5.34761 4.56175 -0.461881 0.886942 1 0.319323 0 1.93722e-05 -6.54071e-06 3.14416  5.22425
5.36744 4.57208 -0.461417 0.887183 1 0.320045 0 1.94092e-05 -6.55071e-06 3.16006  5.23997
ZONE I=5
5.36744 4.57208 -0.461417 0.887183 1 0.320045 0 1.94092e-05 -6.55071e-06 3.16006  5.23997
5.38728 4.58239 -0.460961 0.887421 1 0.320767 0 1.94463e-05 -6.56075e-06 3.17597  5.25569
5.40713 4.59269 -0.460512 0.887654 1 0.321488 0 1.94833e-05 -6.57082e-06 3.19189  5.2714
5.42698 4.60298 -0.460071 0.887882 1 0.322209 0 1.95205e-05 -6.58093e-06 3.20781  5.2871
5.44684 4.61327 -0.459637 0.888107 1 0.322929 0 1.95576e-05 -6.59108e-06 3.22374  5.30279
ZONE I=5
5.44684 4.61327 -0.459637 0.888107 1 0.322929 0 1.95576e-05 -6.59108e-06 3.22374  5.30279
5.4667 4.62354 -0.45921 0.888328 1 0.323648 0 1.95948e-05 -6.60126e-06 3.23968  5.31847
5.48656 4.6338 -0.458791 0.888544 1 0.324366 0 1.96321e-05 -6.61149e-06 3.25562  5.33415
5.50643 4.64406 -0.458378 0.888757 1 0.325084 0 1.96694e-05 -6.62175e-06 3.27158  5.34981
5.52631 4.6543 -0.457973 0.888966 1 0.325801 0 1.97067e-05 -6.63205e-06 3.28754  5.36548
ZONE I=5
5.52631 4.6543 -0.457973 0.888966 1 0.325801 0 1.97067e-05 -6.63205e-06 3.28754  5.36548
5.54619 4.66454 -0.457576 0.889171 1 0.326518 0 1.97441e-05 -6.64239e-06 3.3035  5.38113
5.56607 4.67476 -0.457185 0.889372 1 0.327234 0 1.97816e-05 -6.65277e-06 3.31948  5.39678
5.58596 4.68498 -0.456801 0.889569 1 0.327949 0 1.9819e-05 -6.66319e-06 3.33546  5.41242
5.60586 4.69519 -0.456424 0.889763 1 0.328664 0 1.98566e-05 -6.67365e-06 3.35145  5.42805
ZONE I=5
5.60586 4.69519 -0.456424 0.889763 1 0.328664 0 1.98566e-05 -6.67365e-06 3.35145  5.42805
5.62575 4.7054 -0.456053 0.889952 1 0.329378 0 1.98942e-05 -6.68416e-06 3.36744  5.44368
5.64566 4.71559 -0.45569 0.890139 1 0.330091 0 1.99318e-05 -6.6947e-06 3.38344  5.4593
5.66556 4.72577 -0.455333 0.890321 1 0.330804 0 1.99695e-05 -6.70528e-06 3.39945  5.47491
5.68547 4.73595 -0.454983 0.8905 1 0.331517 0 2.00072e-05 -6.7159e-06 3.41546  5.49052
ZONE I=5
5.68547 4.73595 -0.454983 0.8905 1 0.331517 0 2.00072e-05 -6.7159e-06 3.41546  5.49052
5.70539 4.74612 -0.454639 0.890676 1 0.332229 0 2.0045e-05 -6.72657e-06 3.43148  5.50612
5.7253 4.75628 -0.454302 0.890847 1 0.33294 0 2.00828e-05 -6.73728e-06 3.44751  5.52171
5.74523 4.76644 -0.453972 0.891016 1 0.333651 0 2.01206e-05 -6.74802e-06 3.46354  5.5373
5.76515 4.77659 -0.453648 0.891181 1 0.334361 0 2.01586e-05 -6.75881e-06 3.47957  5.55288
ZONE I=5
5.76515 4.77659 -0.453648 0.891181 1 0.334361 0 2.01586e-05 -6.75881e-06 3.47957  5.55288
5.78508 4.78673 -0.45333 0.891343 1 0.335071 0 2.01965e-05 -6.76965e-06 3.49562  5.56846
5.80501 4.79686 -0.453019 0.891501 1 0.33578 0 2.02346e-05 -6.78052e-06 3.51166  5.58403
5.82495 4.80699 -0.452714 0.891656 1 0.336489 0 2.02726e-05 -6.79144e-06 3.52772  5.5996
5.84489 4.81711 -0.452415 0.891808 1 0.337197 0 2.03107e-05 -6.8024e-06 3.54378  5.61516
ZONE I=5
5.84489 4.81711 -0.452415 0.891808 1 0.337197 0 2.03107e-05 -6.8024e-06 3.54378  5.61516
5.86483 4.82722 -0.452122 0.891956 1 0.337905 0 2.03489e-05 -6.8134e-06 3.55984  5.63071
5.88478 4.83733 -0.451835 0.892102 1 0.338613 0 2.03871e-05 -6.82445e-06 3.57591  5.64626
5.90473 4.84743 -0.451554 0.892244 1 0.33932 0 2.04254e-05 -6.83553e-06 3.59198  5.6618
5.92468 4.85752 -0.451279 0.892383 1 0.340026 0 2.04637e-05 -6.84667e-06 3.60806  5.67734
ZONE I=5
5.92468 4.85752 -0.451279 0.892383 1 0.340026 0 2.04637e-05 -6.84667e-06 3.60806  5.67734
5.94464 4.86761 -0.45101 0.892519 1 0.340733 0 2.0502e-05 -6.85784e-06 3.62414  5.69288
5.9646 4.87769 -0.450747 0.892652 1 0.341438 0 2.05405e-05 -6.86906e-06 3.64023  5.70841
5.98456 4.88777 -0.450489 0.892782 1 0.342144 0 2.05789e-05 -6.88031e-06 3.65632  5.72393
6.00452 4.89784 -0.450238 0.892909 1 0.342848 0 2.06174e-05 -6.89162e-06 3.67242  5.73945
ZONE I=5
6.00452 4.89784 -0.450238 0.892909 1 0.342848 0 2.06174e-05 -6.89162e-06 3.67242  5.73945
6.02449 4.9079 -0.449992 0.893033 1 0.343553 0 2.0656e-05 -6.90296e-06 3.68852  5.75497
6.04446 4.91796 -0.449751 0.893154 1 0.344257 0 2.06946e-05 -6.91435e-06 3.70463  5.77048
6.06443 4.92801 -0.449516 0.893272 1 0.344961 0 2.07333e-05 -6.92578e-06 3.72074  5.78599
6.08441 4.93806 -0.449286 0.893388 1 0.345664 0 2.0772e-05 -6.93726e-06 3.73685  5.80149
ZONE I=5
6.08441 4.93806 -0.449286 0.893388 1 0.345664 0 2.0772e-05 -6.93726e-06 3.73685  5.80149
6.10439 4.94811 -0.449062 0.893501 1 0.346367 0 2.08107e-05 -6.94877e-06 3.75297  5.81699
6.12437 4.95815 -0.448843 0.893611 1 0.34707 0 2.08495e-05 -6.96033e-06 3.76909  5.83249
6.14435 4.96818 -0.448629 0.893718 1 0.347773 0 2.08884e-05 -6.97193e-06 3.78521  5.84798
6.16433 4.97821 -0.448421 0.893823 1 0.348475 0 2.09273e-05 -6.98358e-06 3.80134  5.86347
ZONE I=5
6.16433 4.97821 -0.448421 0.893823 1 0.348475 0 2.09273e-05 -6.98358e-06 3.80134  5.86347
6.18432 4.98823 -0.448217 0.893925 1 0.349176 0 2.09663e-05 -6.99527e-06 3.81748  5.87895
6.20431 4.99825 -0.448019 0.894024 1 0.349878 0 2.10053e-05 -7.00699e-06 3.83361  5.89443
6.2243 5.00827 -0.447825 0.894121 1 0.350579 0 2.10443e-05 -7.01877e-06 3.84975  5.90991
6.2443 5.01828 -0.447637 0.894215 1 0.35128 0 2.10834e-05 -7.03058e-06 3.86589  5.92538
ZONE I=5
6.2443 5.01828 -0.447637 0.894215 1 0.35128 0 2.10834e-05 -7.03058e-06 3.86589  5.92538
6.26429 5.02829 -0.447453 0.894307 1 0.35198 0 2.11226e-05 -7.04243e-06 3.88204  5.94085
6.28429 5.03829 -0.447275 0.894397 1 0.35268 0 2.11618e-05 -7.05433e-06 3.89819  5.95632
6.30429 5.04829 -0.447101 0.894484 1 0.35338 0 2.1201e-05 -7.06627e-06 3.91434  5.97178
6.3243 5.05829 -0.446931 0.894568 1 0.35408 0 2.12403e-05 -7.07825e-06 3.9305  5.98724
ZONE I=5
6.3243 5.05829 -0.446931 0.894568 1 0.35408 0 2.12403e-05 -7.07825e-06 3.9305  5.98724
6.3443 5.06828 -0.446767 0.89465 1 0.35478 0 2.12797e-05 -7.09027e-06 3.94665  6.0027
6.36431 5.07827 -0.446607 0.89473 1 0.355479 0 2.13191e-05 -7.10233e-06 3.96281  6.01815
6.38431 5.08825 -0.446451 0.894808 1 0.356178 0 2.13585e-05 -7.11443e-06 3.97898  6.0336
6.40432 5.09823 -0.4463 0.894884 1 0.356876 0 2.1398e-05 -7.12658e-06 3.99514  6.04905
ZONE I=5
6.40432 5.09823 -0.4463 0.894884 1 0.356876 0 2.1398e-05 -7.12658e-06 3.99514  6.04905
6.42433 5.10821 -0.446153 0.894957 1 0.357575 0 2.14375e-05 -7.13876e-06 4.01131  6.0645
6.44435 5.11819 -0.44601 0.895028 1 0.358273 0 2.14771e-05 -7.15098e-06 4.02748  6.07994
6.46436 5.12816 -0.445872 0.895097 1 0.358971 0 2.15168e-05 -7.16324e-06 4.04366  6.09538
6.48438 5.13813 -0.445738 0.895163 1 0.359669 0 2.15564e-05 -7.17554e-06 4.05983  6.11082
ZONE I=5
6.48438 5.13813 -0.445738 0.895163 1 0.359669 0 2.15564e-05 -7.17554e-06 4.05983  6.11082
6.50439 5.14809 -0.445608 0.895228 1 0.360366 0 2.15962e-05 -7.18788e-06 4.07601  6.12625
6.52441 5.15805 -0.445482 0.895291 1 0.361064 0 2.16359e-05 -7.20026e-06 4.09219  6.14169
6.54443 5.16801 -0.44536 0.895352 1 0.361761 0 2.16757e-05 -7.21268e-06 4.10837  6.15712
6.56445 5.17797 -0.445242 0.89541 1 0.362458 0 2.17156e-05 -7.22513e-06 4.12456  6.17255
ZONE I=5
6.56445 5.17797 -0.445242 0.89541 1 0.362458 0 2.17156e-05 -7.22513e-06 4.12456  6.17255
6.58448 5.18793 -0.445128 0.895467 1 0.363155 0 2.17555e-05 -7.23763e-06 4.14074  6.18798
6.6045 5.19788 -0.445018 0.895522 1 0.363851 0 2.17954e-05 -7.25016e-06 4.15693  6.2034
6.62452 5.20783 -0.444911 0.895575 1 0.364548 0 2.18354e-05 -7.26272e-06 4.17312  6.21882
6.64455 5.21777 -0.444808 0.895626 1 0.365244 0 2.18755e-05 -7.27533e-06 4.18932  6.23425
ZONE I=5
6.64455 5.21777 -0.444808 0.895626 1 0.365244 0 2.18755e-05 -7.27533e-06 4.18932  6.23425
6.66458 5.22772 -0.444709 0.895675 1 0.36594 0 2.19155e-05 -7.28797e-06 4.20551  6.24966
6.68461 5.23766 -0.444613 0.895723 1 0.366636 0 2.19557e-05 -7.30065e-06 4.2217  6.26508
6.70464 5.2476 -0.444521 0.895769 1 0.367332 0 2.19958e-05 -7.31336e-06 4.2379  6.2805
6.72467 5.25754 -0.444432 0.895813 1 0.368028 0 2.2036e-05 -7.3261e-06 4.2541  6.29591
ZONE I=5
6.72467 5.25754 -0.444432 0.895813 1 0.368028 0 2.2036e-05 -7.3261e-06 4.2541  6.29591
6.7447 5.26748 -0.444346 0.895855 1 0.368724 0 2.20763e-05 -7.33888e-06 4.2703  6.31133
6.76473 5.27741 -0.444264 0.895896 1 0.369419 0 2.21166e-05 -7.3517e-06 4.2865  6.32674
6.78476 5.28735 -0.444185 0.895935 1 0.370114 0 2.21569e-05 -7.36455e-06 4.30271  6.34215
6.8048 5.29728 -0.444109 0.895973 1 0.37081 0 2.21973e-05 -7.37743e-06 4.31891  6.35755
ZONE I=5
6.8048 5.29728 -0.444109 0.895973 1 0.37081 0 2.21973e-05 -7.37743e-06 4.31891  6.35755
6.82483 5.30721 -0.444036 0.896009 1 0.371505 0 2.22377e-05 -7.39035e-06 4.33512  6.37296
6.84487 5.31714 -0.443966 0.896044 1 0.3722 0 2.22781e-05 -7.40329e-06 4.35132  6.38837
6.86491 5.32706 -0.443899 0.896077 1 0.372894 0 2.23186e-05 -7.41627e-06 4.36753  6.40377
6.88494 5.33699 -0.443836 0.896108 1 0.373589 0 2.23591e-05 -7.42928e-06 4.38374  6.41917
ZONE I=5
6.88494 5.33699 -0.443836 0.896108 1 0.373589 0 2.23591e-05 -7.42928e-06 4.38374  6.41917
6.90498 5.34691 -0.443774 0.896138 1 0.374284 0 2.23997e-05 -7.44232e-06 4.39995  6.43458
6.92502 5.35683 -0.443716 0.896167 1 0.374978 0 2.24403e-05 -7.45539e-06 4.41616  6.44998
6.94506 5.36676 -0.443661 0.896195 1 0.375673 0 2.24809e-05 -7.4685e-06 4.43237  6.46538
6.9651 5.37668 -0.443608 0.896221 1 0.376367 0 2.25216e-05 -7.48163e-06 4.44859  6.48078
ZONE I=5
6.9651 5.37668 -0.443608 0.896221 1 0.376367 0 2.25216e-05 -7.48163e-06 4.44859  6.48078
6.98514 5.38659 -0.443557 0.896246 1 0.377062 0 2.25623e-05 -7.49479e-06 4.4648  6.49618
7.00518 5.39651 -0.443509 0.89627 1 0.377756 0 2.2603e-05 -7.50797e-06 4.48102  6.51157
7.02522 5.40643 -0.443464 0.896292 1 0.37845 0 2.26438e-05 -7.52119e-06 4.49723  6.52697
7.04526 5.41634 -0.443421 0.896313 1 0.379144 0 2.26846e-05 -7.53443e-06 4.51345  6.54236
ZONE I=5
7.04526 5.41634 -0.443421 0.896313 1 0.379144 0 2.26846e-05 -7.53443e-06 4.51345  6.54236
7.06531 5.42626 -0.44338 0.896334 1 0.379838 0 2.27255e-05 -7.5477e-06 4.52967  6.55776
7.08535 5.43617 -0.443342 0.896353 1 0.380532 0 2.27663e-05 -7.561e-06 4.54588  6.57315
7.10539 5.44609 -0.443306 0.896371 1 0.381226 0 2.28072e-05 -7.57431e-06 4.5621  6.58855
7.12544 5.456 -0.443272 0.896387 1 0.38192 0 2.28482e-05 -7.58766e-06 4.57832  6.60394
ZONE I=5
7.12544 5.456 -0.443272 0.896387 1 0.38192 0 2.28482e-05 -7.58766e-06 4.57832  6.60394
7.14548 5.46591 -0.44324 0.896403 1 0.382614 0 2.28891e-05 -7.60103e-06 4.59454  6.61933
7.16552 5.47582 -0.443209 0.896418 1 0.383307 0 2.29301e-05 -7.61442e-06 4.61076  6.63472
7.18557 5.48573 -0.443181 0.896432 1 0.384001 0 2.29711e-05 -7.62784e-06 4.62698  6.65011
7.20561 5.49564 -0.443155 0.896445 1 0.384695 0 2.30122e-05 -7.64127e-06 4.6432  6.66551
ZONE I=5
7.20561 5.49564 -0.443155 0.896445 1 0.384695 0 2.30122e-05 -7.64127e-06 4.6432  6.66551
7.22566 5.50555 -0.443131 0.896457 1 0.385388 0 2.30533e-05 -7.65473e-06 4.65942  6.6809
7.2457 5.51546 -0.443108 0.896468 1 0.386082 0 2.30944e-05 -7.66821e-06 4.67565  6.69629
7.26575 5.52537 -0.443087 0.896479 1 0.386776 0 2.31355e-05 -7.68171e-06 4.69187  6.71167
7.2858 5.53527 -0.443068 0.896488 1 0.387469 0 2.31766e-05 -7.69523e-06 4.70809  6.72706
ZONE I=5
7.2858 5.53527 -0.443068 0.896488 1 0.387469 0 2.31766e-05 -7.69523e-06 4.70809  6.72706
7.30584 5.54518 -0.44305 0.896497 1 0.388163 0 2.32178e-05 -7.70877e-06 4.72432  6.74245
7.32589 5.55509 -0.443033 0.896505 1 0.388856 0 2.3259e-05 -7.72233e-06 4.74054  6.75784
7.34593 5.56499 -0.443018 0.896512 1 0.38955 0 2.33002e-05 -7.7359e-06 4.75676  6.77323
7.36598 5.5749 -0.443005 0.896519 1 0.390243 0 2.33415e-05 -7.74949e-06 4.77299  6.78862
ZONE I=5
7.36598 5.5749 -0.443005 0.896519 1 0.390243 0 2.33415e-05 -7.74949e-06 4.77299  6.78862
7.38603 5.58481 -0.442993 0.896525 1 0.390936 0 2.33827e-05 -7.7631e-06 4.78921  6.804
7.40608 5.59471 -0.442982 0.896531 1 0.39163 0 2.3424e-05 -7.77672e-06 4.80543  6.81939
7.42612 5.60462 -0.442972 0.896536 1 0.392323 0 2.34653e-05 -7.79036e-06 4.82166  6.83478
7.44617 5.61452 -0.442963 0.89654 1 0.393016 0 2.35066e-05 -7.80401e-06 4.83788  6.85017
ZONE I=5
7.44617 5.61452 -0.442963 0.89654 1 0.393016 0 2.35066e-05 -7.80401e-06 4.83788  6.85017
7.46622 5.62443 -0.442955 0.896544 1 0.39371 0 2.3548e-05 -7.81767e-06 4.85411  6.86555
7.48626 5.63433 -0.442948 0.896547 1 0.394403 0 2.35893e-05 -7.83135e-06 4.87033  6.88094
7.50631 5.64424 -0.442942 0.89655 1 0.395096 0 2.36307e-05 -7.84504e-06 4.88656  6.89633
7.52636 5.65414 -0.442937 0.896553 1 0.39579 0 2.36721e-05 -7.85873e-06 4.90278  6.91171
ZONE I=5
7.52636 5.65414 -0.442937 0.896553 1 0.39579 0 2.36721e-05 -7.85873e-06 4.90278  6.91171
7.54641 5.66404 -0.442933 0.896555 1 0.396483 0 2.37134e-05 -7.87244e-06 4.91901  6.9271
7.56645 5.67395 -0.44293 0.896556 1 0.397176 0 2.37549e-05 -7.88616e-06 4.93523  6.94249
7.5865 5.68385 -0.442927 0.896558 1 0.39787 0 2.37963e-05 -7.89989e-06 4.95146  6.95787
7.60655 5.69376 -0.442924 0.896559 1 0.398563 0 2.38377e-05 -7.91362e-06 4.96769  6.97326
ZONE I=5
7.60655 5.69376 -0.442924 0.896559 1 0.398563 0 2.38377e-05 -7.91362e-06 4.96769  6.97326
7.6266 5.70366 -0.442922 0.89656 1 0.399256 0 2.38791e-05 -7.92736e-06 4.98391  6.98864
7.64664 5.71356 -0.442921 0.896561 1 0.39995 0 2.39206e-05 -7.94111e-06 5.00014  7.00403
7.66669 5.72347 -0.44292 0.896561 1 0.400643 0 2.3962e-05 -7.95486e-06 5.01636  7.01942
7.68674 5.73337 -0.442919 0.896561 1 0.401336 0 2.40035e-05 -7.96862e-06 5.03259  7.0348
ZONE I=5
7.68674 5.73337 -0.442919 0.896561 1 0.401336 0 2.40035e-05 -7.96862e-06 5.03259  7.0348
7.70679 5.74328 -0.442919 0.896562 1 0.402029 0 2.40449e-05 -7.98238e-06 5.04881  7.05019
7.72684 5.75318 -0.442919 0.896562 1 0.402723 0 2.40864e-05 -7.99614e-06 5.06504  7.06557
7.74688 5.76308 -0.442919 0.896562 1 0.403416 0 2.41278e-05 -8.0099e-06 5.08126  7.08096
7.76693 5.77299 -0.442919 0.896562 1 0.404109 0 2.41693e-05 -8.02367e-06 5.09749  7.09635
