ZONE I=5
0.8 0.5 -0.939911 0.341419 1 0.025 0 2.35429e-06 -4.01129e-07 
0.807528 0.520598 -0.938566 0.3451 1 0.0260299 0 2.44799e-06 -4.21553e-07 
0.815277 0.54155 -0.937276 0.348587 1 0.0270775 0 2.54324e-06 -4.42342e-07 
0.823155 0.562614 -0.935996 0.352009 1 0.0281307 0 2.63878e-06 -4.63424e-07 
0.83107 0.583544 -0.934681 0.355486 1 0.0291772 0 2.73336e-06 -4.8473e-07 
ZONE I=5
0.83107 0.583544 -0.934681 0.355486 1 0.0291772 0 2.73336e-06 -4.8473e-07 
0.839031 0.604358 -0.933356 0.358951 1 0.0302179 0 2.82712e-06 -5.06194e-07 
0.847093 0.625207 -0.932035 0.362367 1 0.0312604 0 2.9208e-06 -5.27892e-07 
0.85524 0.64605 -0.930711 0.365754 1 0.0323025 0 3.01419e-06 -5.49808e-07 
0.863456 0.666846 -0.929376 0.369133 1 0.0333423 0 3.10707e-06 -5.71927e-07 
ZONE I=5
0.863456 0.666846 -0.929376 0.369133 1 0.0333423 0 3.10707e-06 -5.71927e-07 
0.871742 0.687597 -0.928035 0.372493 1 0.0343798 0 3.19947e-06 -5.94232e-07 
0.880106 0.708329 -0.92669 0.375826 1 0.0354164 0 3.29152e-06 -6.16732e-07 
0.888547 0.729034 -0.92534 0.379138 1 0.0364517 0 3.38318e-06 -6.39421e-07 
0.89706 0.749707 -0.923984 0.382431 1 0.0374853 0 3.47442e-06 -6.62291e-07 
ZONE I=5
0.89706 0.749707 -0.923984 0.382431 1 0.0374853 0 3.47442e-06 -6.62291e-07 
0.905646 0.770347 -0.922623 0.385703 1 0.0385173 0 3.56523e-06 -6.85336e-07 
0.914305 0.790958 -0.921258 0.388953 1 0.0395479 0 3.65564e-06 -7.08552e-07 
0.923037 0.811539 -0.919887 0.392183 1 0.040577 0 3.74564e-06 -7.31935e-07 
0.931841 0.832089 -0.918513 0.395392 1 0.0416045 0 3.83523e-06 -7.5548e-07 
ZONE I=5
0.931841 0.832089 -0.918513 0.395392 1 0.0416045 0 3.83523e-06 -7.5548e-07 
0.940716 0.852608 -0.917133 0.398581 1 0.0426304 0 3.92441e-06 -7.7918e-07 
0.949662 0.873097 -0.91575 0.401748 1 0.0436548 0 4.01318e-06 -8.03033e-07 
0.958679 0.893554 -0.914363 0.404896 1 0.0446777 0 4.10155e-06 -8.27032e-07 
0.967766 0.913981 -0.912972 0.408022 1 0.045699 0 4.1895e-06 -8.51174e-07 
ZONE I=5
0.967766 0.913981 -0.912972 0.408022 1 0.045699 0 4.1895e-06 -8.51174e-07 
0.976923 0.934376 -0.911577 0.411129 1 0.0467188 0 4.27704e-06 -8.75454e-07 
0.986149 0.95474 -0.910179 0.414215 1 0.047737 0 4.36418e-06 -8.99866e-07 
0.995444 0.975073 -0.908778 0.417281 1 0.0487537 0 4.45091e-06 -9.24407e-07 
1.00481 0.995375 -0.907373 0.420326 1 0.0497687 0 4.53723e-06 -9.49072e-07 
ZONE I=5
1.00481 0.995375 -0.907373 0.420326 1 0.0497687 0 4.53723e-06 -9.49072e-07 
1.01424 1.01565 -0.905965 0.423352 1 0.0507823 0 4.62315e-06 -9.73856e-07 
1.02374 1.03588 -0.904555 0.426357 1 0.0517942 0 4.70866e-06 -9.98756e-07 
1.0333 1.05609 -0.903142 0.429342 1 0.0528046 0 4.79377e-06 -1.02377e-06 
1.04293 1.07627 -0.901726 0.432308 1 0.0538133 0 4.87847e-06 -1.04888e-06 
ZONE I=5
1.04293 1.07627 -0.901726 0.432308 1 0.0538133 0 4.87847e-06 -1.04888e-06 
1.05263 1.09641 -0.900308 0.435253 1 0.0548205 0 4.96278e-06 -1.0741e-06 
1.0624 1.11652 -0.898888 0.438179 1 0.0558261 0 5.04668e-06 -1.09942e-06 
1.07222 1.1366 -0.897466 0.441084 1 0.0568302 0 5.13019e-06 -1.12483e-06 
1.08212 1.15665 -0.896041 0.443971 1 0.0578326 0 5.21329e-06 -1.15034e-06 
ZONE I=5
1.08212 1.15665 -0.896041 0.443971 1 0.0578326 0 5.21329e-06 -1.15034e-06 
1.09208 1.17667 -0.894615 0.446837 1 0.0588335 0 5.296e-06 -1.17593e-06 
1.1021 1.19665 -0.893188 0.449684 1 0.0598327 0 5.37832e-06 -1.2016e-06 
1.11218 1.21661 -0.891759 0.452511 1 0.0608304 0 5.46024e-06 -1.22735e-06 
1.12233 1.23653 -0.890328 0.45532 1 0.0618264 0 5.54176e-06 -1.25317e-06 
ZONE I=5
1.12233 1.23653 -0.890328 0.45532 1 0.0618264 0 5.54176e-06 -1.25317e-06 
1.13254 1.25642 -0.888896 0.458108 1 0.0628209 0 5.6229e-06 -1.27907e-06 
1.14282 1.27628 -0.887464 0.460878 1 0.0638138 0 5.70365e-06 -1.30503e-06 
1.15315 1.2961 -0.88603 0.463628 1 0.064805 0 5.78401e-06 -1.33106e-06 
1.16355 1.31589 -0.884595 0.466359 1 0.0657947 0 5.86398e-06 -1.35714e-06 
ZONE I=5
1.16355 1.31589 -0.884595 0.466359 1 0.0657947 0 5.86398e-06 -1.35714e-06 
1.174 1.33566 -0.88316 0.469071 1 0.0667828 0 5.94357e-06 -1.38329e-06 
1.18452 1.35538 -0.881725 0.471764 1 0.0677692 0 6.02278e-06 -1.40949e-06 
1.1951 1.37508 -0.880289 0.474439 1 0.0687541 0 6.10161e-06 -1.43573e-06 
1.20573 1.39475 -0.878852 0.477094 1 0.0697373 0 6.18005e-06 -1.46203e-06 
ZONE I=5
1.20573 1.39475 -0.878852 0.477094 1 0.0697373 0 6.18005e-06 -1.46203e-06 
1.21643 1.41438 -0.877416 0.479731 1 0.070719 0 6.25813e-06 -1.48836e-06 
1.22719 1.43398 -0.875979 0.482349 1 0.071699 0 6.33582e-06 -1.51474e-06 
1.238 1.45355 -0.874543 0.484949 1 0.0726774 0 6.41315e-06 -1.54115e-06 
1.24887 1.47309 -0.873107 0.48753 1 0.0736543 0 6.4901e-06 -1.5676e-06 
ZONE I=5
1.24887 1.47309 -0.873107 0.48753 1 0.0736543 0 6.4901e-06 -1.5676e-06 
1.2598 1.49259 -0.871671 0.490092 1 0.0746295 0 6.56669e-06 -1.59408e-06 
1.27078 1.51206 -0.870235 0.492636 1 0.0756031 0 6.6429e-06 -1.62059e-06 
1.28183 1.5315 -0.8688 0.495162 1 0.0765751 0 6.71876e-06 -1.64712e-06 
1.29293 1.55091 -0.867366 0.49767 1 0.0775456 0 6.79425e-06 -1.67367e-06 
ZONE I=5
1.29293 1.55091 -0.867366 0.49767 1 0.0775456 0 6.79425e-06 -1.67367e-06 
1.30408 1.57029 -0.865933 0.50016 1 0.0785144 0 6.86938e-06 -1.70025e-06 
1.31529 1.58963 -0.864501 0.502631 1 0.0794816 0 6.94416e-06 -1.72684e-06 
1.32656 1.60894 -0.86307 0.505085 1 0.0804472 0 7.01857e-06 -1.75344e-06 
1.33788 1.62822 -0.861639 0.507521 1 0.0814112 0 7.09264e-06 -1.78006e-06 
ZONE I=5
1.33788 1.62822 -0.861639 0.507521 1 0.0814112 0 7.09264e-06 -1.78006e-06 
1.34925 1.64747 -0.860211 0.509939 1 0.0823737 0 7.16635e-06 -1.80668e-06 
1.36068 1.66669 -0.858783 0.512339 1 0.0833345 0 7.23972e-06 -1.83331e-06 
1.37216 1.68587 -0.857357 0.514722 1 0.0842937 0 7.31274e-06 -1.85994e-06 
1.38369 1.70503 -0.855933 0.517087 1 0.0852514 0 7.38542e-06 -1.88658e-06 
ZONE I=5
1.38369 1.70503 -0.855933 0.517087 1 0.0852514 0 7.38542e-06 -1.88658e-06 
1.39528 1.72415 -0.85451 0.519435 1 0.0862074 0 7.45775e-06 -1.91321e-06 
1.40692 1.74324 -0.853089 0.521765 1 0.0871619 0 7.52975e-06 -1.93984e-06 
1.41861 1.7623 -0.85167 0.524078 1 0.0881148 0 7.60141e-06 -1.96647e-06 
1.43036 1.78132 -0.850253 0.526374 1 0.0890661 0 7.67273e-06 -1.99308e-06 
ZONE I=5
1.43036 1.78132 -0.850253 0.526374 1 0.0890661 0 7.67273e-06 -1.99308e-06 
1.44215 1.80032 -0.848838 0.528653 1 0.0900158 0 7.74372e-06 -2.01969e-06 
1.454 1.81928 -0.847425 0.530915 1 0.0909639 0 7.81439e-06 -2.04628e-06 
1.46589 1.83821 -0.846015 0.533159 1 0.0919105 0 7.88473e-06 -2.07286e-06 
1.47784 1.85711 -0.844607 0.535387 1 0.0928555 0 7.95474e-06 -2.09942e-06 
ZONE I=5
1.47784 1.85711 -0.844607 0.535387 1 0.0928555 0 7.95474e-06 -2.09942e-06 
1.48983 1.87598 -0.843201 0.537598 1 0.0937989 0 8.02444e-06 -2.12597e-06 
1.50188 1.89481 -0.841798 0.539793 1 0.0947407 0 8.09381e-06 -2.15249e-06 
1.51397 1.91362 -0.840398 0.54197 1 0.095681 0 8.16287e-06 -2.17899e-06 
1.52611 1.93239 -0.839 0.544132 1 0.0966197 0 8.23162e-06 -2.20547e-06 
ZONE I=5
1.52611 1.93239 -0.839 0.544132 1 0.0966197 0 8.23162e-06 -2.20547e-06 
1.5383 1.95114 -0.837605 0.546276 1 0.0975569 0 8.30005e-06 -2.23192e-06 
1.55054 1.96985 -0.836213 0.548405 1 0.0984925 0 8.36818e-06 -2.25835e-06 
1.56282 1.98853 -0.834824 0.550517 1 0.0994265 0 8.436e-06 -2.28474e-06 
1.57516 2.00718 -0.833438 0.552612 1 0.100359 0 8.50352e-06 -2.31111e-06 
ZONE I=5
1.57516 2.00718 -0.833438 0.552612 1 0.100359 0 8.50352e-06 -2.31111e-06 
1.58753 2.0258 -0.832056 0.554692 1 0.10129 0 8.57073e-06 -2.33744e-06 
1.59996 2.04439 -0.830676 0.556756 1 0.102219 0 8.63765e-06 -2.36374e-06 
1.61243 2.06294 -0.8293 0.558803 1 0.103147 0 8.70428e-06 -2.39e-06 
1.62495 2.08147 -0.827928 0.560835 1 0.104074 0 8.77061e-06 -2.41623e-06 
ZONE I=5
1.62495 2.08147 -0.827928 0.560835 1 0.104074 0 8.77061e-06 -2.41623e-06 
1.63751 2.09997 -0.826558 0.562851 1 0.104998 0 8.83665e-06 -2.44242e-06 
1.65012 2.11843 -0.825193 0.564851 1 0.105922 0 8.90241e-06 -2.46856e-06 
1.66277 2.13687 -0.823831 0.566836 1 0.106843 0 8.96788e-06 -2.49467e-06 
1.67546 2.15527 -0.822472 0.568805 1 0.107764 0 9.03307e-06 -2.52073e-06 
ZONE I=5
1.67546 2.15527 -0.822472 0.568805 1 0.107764 0 9.03307e-06 -2.52073e-06 
1.6882 2.17365 -0.821118 0.570759 1 0.108682 0 9.09798e-06 -2.54675e-06 
1.70099 2.19199 -0.819767 0.572697 1 0.1096 0 9.16262e-06 -2.57273e-06 
1.71381 2.2103 -0.81842 0.57462 1 0.110515 0 9.22698e-06 -2.59866e-06 
1.72668 2.22859 -0.817078 0.576528 1 0.111429 0 9.29107e-06 -2.62454e-06 
ZONE I=5
1.72668 2.22859 -0.817078 0.576528 1 0.111429 0 9.29107e-06 -2.62454e-06 
1.73959 2.24684 -0.815739 0.57842 1 0.112342 0 9.35489e-06 -2.65037e-06 
1.75255 2.26507 -0.814404 0.580298 1 0.113253 0 9.41845e-06 -2.67616e-06 
1.76554 2.28326 -0.813074 0.582161 1 0.114163 0 9.48175e-06 -2.70189e-06 
1.77858 2.30142 -0.811748 0.584008 1 0.115071 0 9.54478e-06 -2.72758e-06 
ZONE I=5
1.77858 2.30142 -0.811748 0.584008 1 0.115071 0 9.54478e-06 -2.72758e-06 
1.79166 2.31956 -0.810426 0.585841 1 0.115978 0 9.60756e-06 -2.75321e-06 
1.80478 2.33767 -0.809108 0.587659 1 0.116883 0 9.67008e-06 -2.77878e-06 
1.81794 2.35574 -0.807795 0.589463 1 0.117787 0 9.73235e-06 -2.80431e-06 
1.83114 2.37379 -0.806487 0.591252 1 0.118689 0 9.79437e-06 -2.82978e-06 
ZONE I=5
1.83114 2.37379 -0.806487 0.591252 1 0.118689 0 9.79437e-06 -2.82978e-06 
1.84438 2.39181 -0.805183 0.593027 1 0.11959 0 9.85615e-06 -2.85519e-06 
1.85766 2.40979 -0.803883 0.594787 1 0.12049 0 9.91768e-06 -2.88054e-06 
1.87097 2.42775 -0.802589 0.596533 1 0.121388 0 9.97897e-06 -2.90584e-06 
1.88433 2.44568 -0.801299 0.598264 1 0.122284 0 1.004e-05 -2.93108e-06 
ZONE I=5
1.88433 2.44568 -0.801299 0.598264 1 0.122284 0 1.004e-05 -2.93108e-06 
1.89773 2.46359 -0.800014 0.599982 1 0.123179 0 1.01008e-05 -2.95626e-06 
1.91116 2.48146 -0.798733 0.601685 1 0.124073 0 1.01614e-05 -2.98139e-06 
1.92463 2.4993 -0.797458 0.603375 1 0.124965 0 1.02218e-05 -3.00645e-06 
1.93814 2.51712 -0.796187 0.60505 1 0.125856 0 1.02819e-05 -3.03145e-06 
ZONE I=5
1.93814 2.51712 -0.796187 0.60505 1 0.125856 0 1.02819e-05 -3.03145e-06 
1.95169 2.53491 -0.794922 0.606712 1 0.126745 0 1.03418e-05 -3.05639e-06 
1.96527 2.55267 -0.793661 0.60836 1 0.127633 0 1.04015e-05 -3.08127e-06 
1.9789 2.5704 -0.792406 0.609995 1 0.12852 0 1.04609e-05 -3.10609e-06 
1.99255 2.5881 -0.791155 0.611615 1 0.129405 0 1.05202e-05 -3.13085e-06 
ZONE I=5
1.99255 2.5881 -0.791155 0.611615 1 0.129405 0 1.05202e-05 -3.13085e-06 
2.00625 2.60578 -0.78991 0.613223 1 0.130289 0 1.05792e-05 -3.15554e-06 
2.01997 2.62343 -0.78867 0.614817 1 0.131171 0 1.0638e-05 -3.18017e-06 
2.03374 2.64105 -0.787435 0.616397 1 0.132052 0 1.06966e-05 -3.20473e-06 
2.04754 2.65864 -0.786206 0.617964 1 0.132932 0 1.0755e-05 -3.22923e-06 
ZONE I=5
2.04754 2.65864 -0.786206 0.617964 1 0.132932 0 1.0755e-05 -3.22923e-06 
2.06137 2.67621 -0.784982 0.619518 1 0.13381 0 1.08132e-05 -3.25367e-06 
2.07524 2.69374 -0.783763 0.621059 1 0.134687 0 1.08712e-05 -3.27804e-06 
2.08915 2.71125 -0.78255 0.622587 1 0.135563 0 1.0929e-05 -3.30235e-06 
2.10308 2.72874 -0.781343 0.624102 1 0.136437 0 1.09866e-05 -3.32659e-06 
ZONE I=5
2.10308 2.72874 -0.781343 0.624102 1 0.136437 0 1.09866e-05 -3.32659e-06 
2.11706 2.7462 -0.78014 0.625605 1 0.13731 0 1.1044e-05 -3.35077e-06 
2.13106 2.76363 -0.778944 0.627094 1 0.138181 0 1.11012e-05 -3.37488e-06 
2.1451 2.78103 -0.777752 0.628571 1 0.139051 0 1.11582e-05 -3.39892e-06 
2.15917 2.79841 -0.776567 0.630035 1 0.13992 0 1.1215e-05 -3.4229e-06 
ZONE I=5
2.15917 2.79841 -0.776567 0.630035 1 0.13992 0 1.1215e-05 -3.4229e-06 
2.17327 2.81576 -0.775387 0.631486 1 0.140788 0 1.12716e-05 -3.44681e-06 
2.18741 2.83308 -0.774213 0.632925 1 0.141654 0 1.13281e-05 -3.47066e-06 
2.20158 2.85038 -0.773045 0.634352 1 0.142519 0 1.13844e-05 -3.49444e-06 
2.21578 2.86765 -0.771882 0.635766 1 0.143382 0 1.14405e-05 -3.51815e-06 
ZONE I=5
2.21578 2.86765 -0.771882 0.635766 1 0.143382 0 1.14405e-05 -3.51815e-06 
2.23001 2.8849 -0.770725 0.637168 1 0.144245 0 1.14964e-05 -3.5418e-06 
2.24427 2.90212 -0.769574 0.638558 1 0.145106 0 1.15522e-05 -3.56538e-06 
2.25856 2.91931 -0.768429 0.639936 1 0.145966 0 1.16078e-05 -3.58889e-06 
2.27289 2.93648 -0.767289 0.641301 1 0.146824 0 1.16632e-05 -3.61234e-06 
ZONE I=5
2.27289 2.93648 -0.767289 0.641301 1 0.146824 0 1.16632e-05 -3.61234e-06 
2.28724 2.95362 -0.766156 0.642655 1 0.147681 0 1.17185e-05 -3.63572e-06 
2.30163 2.97074 -0.765028 0.643997 1 0.148537 0 1.17736e-05 -3.65903e-06 
2.31604 2.98783 -0.763906 0.645327 1 0.149392 0 1.18285e-05 -3.68228e-06 
2.33048 3.0049 -0.762791 0.646645 1 0.150245 0 1.18833e-05 -3.70546e-06 
ZONE I=5
2.33048 3.0049 -0.762791 0.646645 1 0.150245 0 1.18833e-05 -3.70546e-06 
2.34496 3.02195 -0.761681 0.647952 1 0.151097 0 1.19379e-05 -3.72857e-06 
2.35946 3.03896 -0.760578 0.649247 1 0.151948 0 1.19923e-05 -3.75162e-06 
2.37399 3.05596 -0.75948 0.650531 1 0.152798 0 1.20467e-05 -3.77461e-06 
2.38855 3.07293 -0.758388 0.651803 1 0.153646 0 1.21008e-05 -3.79752e-06 
ZONE I=5
2.38855 3.07293 -0.758388 0.651803 1 0.153646 0 1.21008e-05 -3.79752e-06 
2.40314 3.08987 -0.757303 0.653064 1 0.154494 0 1.21548e-05 -3.82037e-06 
2.41776 3.10679 -0.756224 0.654313 1 0.15534 0 1.22087e-05 -3.84316e-06 
2.4324 3.12369 -0.75515 0.655552 1 0.156185 0 1.22625e-05 -3.86588e-06 
2.44707 3.14056 -0.754083 0.656779 1 0.157028 0 1.23161e-05 -3.88854e-06 
ZONE I=5
2.44707 3.14056 -0.754083 0.656779 1 0.157028 0 1.23161e-05 -3.88854e-06 
2.46177 3.15741 -0.753023 0.657995 1 0.157871 0 1.23695e-05 -3.91113e-06 
2.4765 3.17424 -0.751968 0.6592 1 0.158712 0 1.24228e-05 -3.93365e-06 
2.49125 3.19104 -0.750919 0.660394 1 0.159552 0 1.2476e-05 -3.95611e-06 
2.50603 3.20782 -0.749877 0.661577 1 0.160391 0 1.25291e-05 -3.97851e-06 
ZONE I=5
2.50603 3.20782 -0.749877 0.661577 1 0.160391 0 1.25291e-05 -3.97851e-06 
2.52084 3.22458 -0.748841 0.66275 1 0.161229 0 1.2582e-05 -4.00085e-06 
2.53567 3.24131 -0.747811 0.663911 1 0.162065 0 1.26348e-05 -4.02312e-06 
2.55053 3.25802 -0.746788 0.665063 1 0.162901 0 1.26875e-05 -4.04532e-06 
2.56541 3.2747 -0.74577 0.666203 1 0.163735 0 1.274e-05 -4.06747e-06 
ZONE I=5
2.56541 3.2747 -0.74577 0.666203 1 0.163735 0 1.274e-05 -4.06747e-06 
2.58032 3.29137 -0.74476 0.667333 1 0.164568 0 1.27925e-05 -4.08955e-06 
2.59525 3.30801 -0.743755 0.668453 1 0.1654 0 1.28448e-05 -4.11156e-06 
2.61021 3.32463 -0.742756 0.669562 1 0.166231 0 1.2897e-05 -4.13352e-06 
2.62519 3.34123 -0.741764 0.67066 1 0.167061 0 1.2949e-05 -4.15542e-06 
ZONE I=5
2.62519 3.34123 -0.741764 0.67066 1 0.167061 0 1.2949e-05 -4.15542e-06 
2.6402 3.3578 -0.740779 0.671749 1 0.16789 0 1.3001e-05 -4.17725e-06 
2.65523 3.37435 -0.739799 0.672827 1 0.168718 0 1.30529e-05 -4.19902e-06 
2.67029 3.39088 -0.738826 0.673896 1 0.169544 0 1.31046e-05 -4.22074e-06 
2.68537 3.40739 -0.73786 0.674954 1 0.17037 0 1.31563e-05 -4.24239e-06 
ZONE I=5
2.68537 3.40739 -0.73786 0.674954 1 0.17037 0 1.31563e-05 -4.24239e-06 
2.70047 3.42388 -0.7369 0.676002 1 0.171194 0 1.32078e-05 -4.26398e-06 
2.7156 3.44035 -0.735946 0.677041 1 0.172017 0 1.32592e-05 -4.28551e-06 
2.73075 3.45679 -0.734998 0.678069 1 0.17284 0 1.33106e-05 -4.30699e-06 
2.74592 3.47322 -0.734057 0.679088 1 0.173661 0 1.33618e-05 -4.3284e-06 
ZONE I=5
2.74592 3.47322 -0.734057 0.679088 1 0.173661 0 1.33618e-05 -4.3284e-06 
2.76112 3.48962 -0.733122 0.680097 1 0.174481 0 1.3413e-05 -4.34976e-06 
2.77634 3.506 -0.732194 0.681096 1 0.1753 0 1.3464e-05 -4.37106e-06 
2.79158 3.52236 -0.731272 0.682086 1 0.176118 0 1.35149e-05 -4.3923e-06 
2.80684 3.5387 -0.730357 0.683066 1 0.176935 0 1.35658e-05 -4.41349e-06 
ZONE I=5
2.80684 3.5387 -0.730357 0.683066 1 0.176935 0 1.35658e-05 -4.41349e-06 
2.82213 3.55503 -0.729447 0.684037 1 0.177751 0 1.36166e-05 -4.43462e-06 
2.83743 3.57133 -0.728545 0.684998 1 0.178566 0 1.36673e-05 -4.45569e-06 
2.85276 3.58761 -0.727648 0.68595 1 0.17938 0 1.37179e-05 -4.47671e-06 
2.86811 3.60387 -0.726759 0.686893 1 0.180193 0 1.37684e-05 -4.49767e-06 
ZONE I=5
2.86811 3.60387 -0.726759 0.686893 1 0.180193 0 1.37684e-05 -4.49767e-06 
2.88348 3.62011 -0.725875 0.687827 1 0.181005 0 1.38188e-05 -4.51858e-06 
2.89887 3.63633 -0.724998 0.688751 1 0.181816 0 1.38692e-05 -4.53944e-06 
2.91428 3.65253 -0.724127 0.689666 1 0.182626 0 1.39194e-05 -4.56024e-06 
2.92971 3.66871 -0.723263 0.690572 1 0.183436 0 1.39696e-05 -4.58099e-06 
ZONE I=5
2.92971 3.66871 -0.723263 0.690572 1 0.183436 0 1.39696e-05 -4.58099e-06 
2.94516 3.68487 -0.722405 0.69147 1 0.184244 0 1.40197e-05 -4.60168e-06 
2.96063 3.70102 -0.721554 0.692358 1 0.185051 0 1.40698e-05 -4.62233e-06 
2.97612 3.71714 -0.720709 0.693238 1 0.185857 0 1.41198e-05 -4.64292e-06 
2.99163 3.73325 -0.71987 0.694108 1 0.186662 0 1.41697e-05 -4.66346e-06 
ZONE I=5
2.99163 3.73325 -0.71987 0.694108 1 0.186662 0 1.41697e-05 -4.66346e-06 
3.00716 3.74933 -0.719038 0.69497 1 0.187467 0 1.42195e-05 -4.68395e-06 
3.02271 3.7654 -0.718212 0.695824 1 0.18827 0 1.42693e-05 -4.7044e-06 
3.03828 3.78145 -0.717393 0.696669 1 0.189073 0 1.4319e-05 -4.72479e-06 
3.05387 3.79749 -0.71658 0.697505 1 0.189874 0 1.43686e-05 -4.74513e-06 
ZONE I=5
3.05387 3.79749 -0.71658 0.697505 1 0.189874 0 1.43686e-05 -4.74513e-06 
3.06947 3.8135 -0.715773 0.698333 1 0.190675 0 1.44182e-05 -4.76542e-06 
3.0851 3.8295 -0.714973 0.699152 1 0.191475 0 1.44677e-05 -4.78567e-06 
3.10074 3.84547 -0.714179 0.699963 1 0.192274 0 1.45172e-05 -4.80587e-06 
3.1164 3.86143 -0.713392 0.700765 1 0.193072 0 1.45666e-05 -4.82602e-06 
ZONE I=5
3.1164 3.86143 -0.713392 0.700765 1 0.193072 0 1.45666e-05 -4.82602e-06 
3.13208 3.87738 -0.712611 0.70156 1 0.193869 0 1.46159e-05 -4.84613e-06 
3.14777 3.8933 -0.711836 0.702346 1 0.194665 0 1.46652e-05 -4.86619e-06 
3.16349 3.90921 -0.711067 0.703124 1 0.195461 0 1.47144e-05 -4.8862e-06 
3.17922 3.9251 -0.710305 0.703894 1 0.196255 0 1.47636e-05 -4.90618e-06 
ZONE I=5
3.17922 3.9251 -0.710305 0.703894 1 0.196255 0 1.47636e-05 -4.90618e-06 
3.19497 3.94098 -0.70955 0.704656 1 0.197049 0 1.48128e-05 -4.9261e-06 
3.21073 3.95683 -0.7088 0.705409 1 0.197842 0 1.48618e-05 -4.94598e-06 
3.22651 3.97267 -0.708057 0.706155 1 0.198634 0 1.49109e-05 -4.96582e-06 
3.24231 3.9885 -0.70732 0.706893 1 0.199425 0 1.49599e-05 -4.98562e-06 
ZONE I=5
3.24231 3.9885 -0.70732 0.706893 1 0.199425 0 1.49599e-05 -4.98562e-06 
3.25813 4.00431 -0.706589 0.707624 1 0.200215 0 1.50088e-05 -5.00538e-06 
3.27396 4.0201 -0.705865 0.708346 1 0.201005 0 1.50577e-05 -5.02509e-06 
3.2898 4.03587 -0.705147 0.709061 1 0.201794 0 1.51066e-05 -5.04476e-06 
3.30567 4.05163 -0.704435 0.709768 1 0.202582 0 1.51554e-05 -5.0644e-06 
ZONE I=5
3.30567 4.05163 -0.704435 0.709768 1 0.202582 0 1.51554e-05 -5.0644e-06 
3.32154 4.06738 -0.70373 0.710468 1 0.203369 0 1.52042e-05 -5.08399e-06 
3.33744 4.0831 -0.70303 0.71116 1 0.204155 0 1.5253e-05 -5.10354e-06 
3.35335 4.09882 -0.702337 0.711844 1 0.204941 0 1.53017e-05 -5.12306e-06 
3.36927 4.11451 -0.70165 0.712522 1 0.205726 0 1.53504e-05 -5.14253e-06 
ZONE I=5
3.36927 4.11451 -0.70165 0.712522 1 0.205726 0 1.53504e-05 -5.14253e-06 
3.38521 4.13019 -0.70097 0.713191 1 0.20651 0 1.5399e-05 -5.16197e-06 
3.40117 4.14586 -0.700295 0.713854 1 0.207293 0 1.54476e-05 -5.18137e-06 
3.41714 4.16151 -0.699626 0.714509 1 0.208076 0 1.54962e-05 -5.20074e-06 
3.43312 4.17715 -0.698964 0.715157 1 0.208857 0 1.55447e-05 -5.22007e-06 
ZONE I=5
3.43312 4.17715 -0.698964 0.715157 1 0.208857 0 1.55447e-05 -5.22007e-06 
3.44912 4.19277 -0.698308 0.715797 1 0.209638 0 1.55933e-05 -5.23936e-06 
3.46513 4.20838 -0.697658 0.716431 1 0.210419 0 1.56418e-05 -5.25862e-06 
3.48116 4.22397 -0.697014 0.717057 1 0.211198 0 1.56902e-05 -5.27784e-06 
3.4972 4.23955 -0.696376 0.717677 1 0.211977 0 1.57387e-05 -5.29703e-06 
ZONE I=5
3.4972 4.23955 -0.696376 0.717677 1 0.211977 0 1.57387e-05 -5.29703e-06 
3.51325 4.25511 -0.695744 0.718289 1 0.212756 0 1.57871e-05 -5.31619e-06 
3.52932 4.27066 -0.695119 0.718895 1 0.213533 0 1.58355e-05 -5.33531e-06 
3.5454 4.2862 -0.694499 0.719494 1 0.21431 0 1.58839e-05 -5.3544e-06 
3.5615 4.30172 -0.693885 0.720086 1 0.215086 0 1.59322e-05 -5.37346e-06 
ZONE I=5
3.5615 4.30172 -0.693885 0.720086 1 0.215086 0 1.59322e-05 -5.37346e-06 
3.5776 4.31723 -0.693278 0.720671 1 0.215861 0 1.59806e-05 -5.39249e-06 
3.59373 4.33272 -0.692676 0.721249 1 0.216636 0 1.60289e-05 -5.41148e-06 
3.60986 4.34821 -0.69208 0.721821 1 0.21741 0 1.60772e-05 -5.43045e-06 
3.62601 4.36368 -0.69149 0.722386 1 0.218184 0 1.61255e-05 -5.44939e-06 
ZONE I=5
3.62601 4.36368 -0.69149 0.722386 1 0.218184 0 1.61255e-05 -5.44939e-06 
3.64217 4.37913 -0.690906 0.722944 1 0.218957 0 1.61738e-05 -5.46829e-06 
3.65834 4.39457 -0.690328 0.723496 1 0.219729 0 1.62221e-05 -5.48717e-06 
3.67452 4.41 -0.689756 0.724042 1 0.2205 0 1.62703e-05 -5.50602e-06 
3.69072 4.42542 -0.68919 0.724581 1 0.221271 0 1.63185e-05 -5.52485e-06 
ZONE I=5
3.69072 4.42542 -0.68919 0.724581 1 0.221271 0 1.63185e-05 -5.52485e-06 
3.70692 4.44082 -0.688629 0.725114 1 0.222041 0 1.63668e-05 -5.54364e-06 
3.72314 4.45622 -0.688075 0.72564 1 0.222811 0 1.6415e-05 -5.56241e-06 
3.73938 4.4716 -0.687526 0.72616 1 0.22358 0 1.64632e-05 -5.58115e-06 
3.75562 4.48696 -0.686983 0.726674 1 0.224348 0 1.65114e-05 -5.59987e-06 
ZONE I=5
3.75562 4.48696 -0.686983 0.726674 1 0.224348 0 1.65114e-05 -5.59987e-06 
3.77187 4.50232 -0.686445 0.727181 1 0.225116 0 1.65596e-05 -5.61856e-06 
3.78814 4.51766 -0.685914 0.727683 1 0.225883 0 1.66078e-05 -5.63722e-06 
3.80442 4.53299 -0.685388 0.728178 1 0.22665 0 1.6656e-05 -5.65587e-06 
3.8207 4.54831 -0.684868 0.728667 1 0.227416 0 1.67042e-05 -5.67448e-06 
ZONE I=5
3.8207 4.54831 -0.684868 0.728667 1 0.227416 0 1.67042e-05 -5.67448e-06 
3.837 4.56362 -0.684353 0.729151 1 0.228181 0 1.67524e-05 -5.69308e-06 
3.85331 4.57892 -0.683844 0.729628 1 0.228946 0 1.68005e-05 -5.71165e-06 
3.86963 4.5942 -0.683341 0.730099 1 0.22971 0 1.68487e-05 -5.7302e-06 
3.88596 4.60948 -0.682844 0.730565 1 0.230474 0 1.68969e-05 -5.74873e-06 
ZONE I=5
3.88596 4.60948 -0.682844 0.730565 1 0.230474 0 1.68969e-05 -5.74873e-06 
3.9023 4.62474 -0.682352 0.731024 1 0.231237 0 1.69451e-05 -5.76723e-06 
3.91866 4.63999 -0.681865 0.731478 1 0.232 0 1.69933e-05 -5.78571e-06 
3.93502 4.65523 -0.681384 0.731926 1 0.232762 0 1.70415e-05 -5.80418e-06 
3.95139 4.67047 -0.680909 0.732368 1 0.233523 0 1.70897e-05 -5.82262e-06 
ZONE I=5
3.95139 4.67047 -0.680909 0.732368 1 0.233523 0 1.70897e-05 -5.82262e-06 
3.96777 4.68569 -0.680439 0.732805 1 0.234284 0 1.71379e-05 -5.84105e-06 
3.98416 4.7009 -0.679974 0.733236 1 0.235045 0 1.71861e-05 -5.85945e-06 
4.00056 4.71609 -0.679515 0.733662 1 0.235805 0 1.72343e-05 -5.87783e-06 
4.01697 4.73128 -0.679061 0.734082 1 0.236564 0 1.72825e-05 -5.8962e-06 
ZONE I=5
4.01697 4.73128 -0.679061 0.734082 1 0.236564 0 1.72825e-05 -5.8962e-06 
4.03339 4.74646 -0.678613 0.734496 1 0.237323 0 1.73307e-05 -5.91455e-06 
4.04982 4.76163 -0.67817 0.734905 1 0.238082 0 1.73789e-05 -5.93288e-06 
4.06625 4.77679 -0.677732 0.735309 1 0.23884 0 1.74272e-05 -5.9512e-06 
4.0827 4.79194 -0.6773 0.735707 1 0.239597 0 1.74754e-05 -5.96949e-06 
ZONE I=5
4.0827 4.79194 -0.6773 0.735707 1 0.239597 0 1.74754e-05 -5.96949e-06 
4.09916 4.80708 -0.676873 0.7361 1 0.240354 0 1.75237e-05 -5.98777e-06 
4.11562 4.82221 -0.676451 0.736488 1 0.241111 0 1.7572e-05 -6.00604e-06 
4.13209 4.83733 -0.676034 0.73687 1 0.241867 0 1.76203e-05 -6.02429e-06 
4.14857 4.85244 -0.675623 0.737247 1 0.242622 0 1.76686e-05 -6.04252e-06 
ZONE I=5
4.14857 4.85244 -0.675623 0.737247 1 0.242622 0 1.76686e-05 -6.04252e-06 
4.16506 4.86755 -0.675217 0.737619 1 0.243377 0 1.77169e-05 -6.06074e-06 
4.18156 4.88264 -0.674816 0.737986 1 0.244132 0 1.77652e-05 -6.07895e-06 
4.19807 4.89773 -0.67442 0.738348 1 0.244886 0 1.78135e-05 -6.09714e-06 
4.21458 4.9128 -0.674029 0.738705 1 0.24564 0 1.78619e-05 -6.11532e-06 
ZONE I=5
4.21458 4.9128 -0.674029 0.738705 1 0.24564 0 1.78619e-05 -6.11532e-06 
4.2311 4.92787 -0.673643 0.739057 1 0.246393 0 1.79103e-05 -6.13348e-06 
4.24763 4.94293 -0.673262 0.739404 1 0.247146 0 1.79587e-05 -6.15163e-06 
4.26417 4.95798 -0.672887 0.739746 1 0.247899 0 1.80071e-05 -6.16977e-06 
4.28071 4.97302 -0.672516 0.740083 1 0.248651 0 1.80555e-05 -6.1879e-06 
ZONE I=5
4.28071 4.97302 -0.672516 0.740083 1 0.248651 0 1.80555e-05 -6.1879e-06 
4.29727 4.98805 -0.67215 0.740415 1 0.249403 0 1.8104e-05 -6.20601e-06 
4.31383 5.00308 -0.671789 0.740743 1 0.250154 0 1.81524e-05 -6.22412e-06 
4.33039 5.0181 -0.671433 0.741065 1 0.250905 0 1.82009e-05 -6.24221e-06 
4.34697 5.03311 -0.671082 0.741383 1 0.251655 0 1.82494e-05 -6.26029e-06 
ZONE I=5
4.34697 5.03311 -0.671082 0.741383 1 0.251655 0 1.82494e-05 -6.26029e-06 
4.36355 5.04811 -0.670735 0.741697 1 0.252405 0 1.8298e-05 -6.27836e-06 
4.38014 5.0631 -0.670394 0.742005 1 0.253155 0 1.83465e-05 -6.29642e-06 
4.39673 5.07809 -0.670057 0.74231 1 0.253905 0 1.83951e-05 -6.31448e-06 
4.41333 5.09307 -0.669725 0.742609 1 0.254653 0 1.84437e-05 -6.33252e-06 
ZONE I=5
4.41333 5.09307 -0.669725 0.742609 1 0.254653 0 1.84437e-05 -6.33252e-06 
4.42994 5.10804 -0.669398 0.742904 1 0.255402 0 1.84923e-05 -6.35055e-06 
4.44656 5.12301 -0.669075 0.743195 1 0.25615 0 1.85409e-05 -6.36858e-06 
4.46318 5.13796 -0.668757 0.743481 1 0.256898 0 1.85896e-05 -6.38659e-06 
4.47981 5.15291 -0.668444 0.743763 1 0.257646 0 1.86383e-05 -6.4046e-06 
ZONE I=5
4.47981 5.15291 -0.668444 0.743763 1 0.257646 0 1.86383e-05 -6.4046e-06 
4.49644 5.16786 -0.668135 0.74404 1 0.258393 0 1.8687e-05 -6.4226e-06 
4.51308 5.18279 -0.667831 0.744313 1 0.25914 0 1.87358e-05 -6.4406e-06 
4.52973 5.19772 -0.667531 0.744582 1 0.259886 0 1.87845e-05 -6.45858e-06 
4.54638 5.21265 -0.667236 0.744846 1 0.260632 0 1.88333e-05 -6.47656e-06 
ZONE I=5
4.54638 5.21265 -0.667236 0.744846 1 0.260632 0 1.88333e-05 -6.47656e-06 
4.56304 5.22756 -0.666945 0.745107 1 0.261378 0 1.88822e-05 -6.49453e-06 
4.5797 5.24247 -0.666659 0.745363 1 0.262124 0 1.8931e-05 -6.5125e-06 
4.59637 5.25738 -0.666377 0.745615 1 0.262869 0 1.89799e-05 -6.53046e-06 
4.61305 5.27227 -0.6661 0.745862 1 0.263614 0 1.90288e-05 -6.54841e-06 
ZONE I=5
4.61305 5.27227 -0.6661 0.745862 1 0.263614 0 1.90288e-05 -6.54841e-06 
4.62973 5.28717 -0.665827 0.746106 1 0.264358 0 1.90778e-05 -6.56636e-06 
4.64641 5.30205 -0.665558 0.746346 1 0.265103 0 1.91267e-05 -6.58431e-06 
4.66311 5.31693 -0.665294 0.746582 1 0.265847 0 1.91757e-05 -6.60225e-06 
4.6798 5.3318 -0.665033 0.746814 1 0.26659 0 1.92247e-05 -6.62018e-06 
ZONE I=5
4.6798 5.3318 -0.665033 0.746814 1 0.26659 0 1.92247e-05 -6.62018e-06 
4.6965 5.34667 -0.664777 0.747042 1 0.267334 0 1.92738e-05 -6.63811e-06 
4.71321 5.36153 -0.664526 0.747266 1 0.268077 0 1.93229e-05 -6.65604e-06 
4.72992 5.37639 -0.664278 0.747486 1 0.268819 0 1.9372e-05 -6.67396e-06 
4.74664 5.39124 -0.664034 0.747702 1 0.269562 0 1.94212e-05 -6.69188e-06 
ZONE I=5
4.74664 5.39124 -0.664034 0.747702 1 0.269562 0 1.94212e-05 -6.69188e-06 
4.76336 5.40609 -0.663795 0.747915 1 0.270304 0 1.94703e-05 -6.70979e-06 
4.78009 5.42093 -0.66356 0.748124 1 0.271046 0 1.95196e-05 -6.7277e-06 
4.79682 5.43576 -0.663328 0.748329 1 0.271788 0 1.95688e-05 -6.74561e-06 
4.81355 5.45059 -0.663101 0.74853 1 0.27253 0 1.96181e-05 -6.76352e-06 
ZONE I=5
4.81355 5.45059 -0.663101 0.74853 1 0.27253 0 1.96181e-05 -6.76352e-06 
4.83029 5.46542 -0.662877 0.748728 1 0.273271 0 1.96674e-05 -6.78142e-06 
4.84704 5.48024 -0.662658 0.748922 1 0.274012 0 1.97167e-05 -6.79932e-06 
4.86379 5.49505 -0.662442 0.749113 1 0.274753 0 1.97661e-05 -6.81722e-06 
4.88054 5.50986 -0.662231 0.7493 1 0.275493 0 1.98155e-05 -6.83511e-06 
ZONE I=5
4.88054 5.50986 -0.662231 0.7493 1 0.275493 0 1.98155e-05 -6.83511e-06 
4.8973 5.52467 -0.662023 0.749484 1 0.276233 0 1.9865e-05 -6.85301e-06 
4.91406 5.53947 -0.661819 0.749664 1 0.276973 0 1.99144e-05 -6.8709e-06 
4.93082 5.55426 -0.661618 0.749841 1 0.277713 0 1.9964e-05 -6.88879e-06 
4.94759 5.56906 -0.661422 0.750014 1 0.278453 0 2.00135e-05 -6.90668e-06 
ZONE I=5
4.94759 5.56906 -0.661422 0.750014 1 0.278453 0 2.00135e-05 -6.90668e-06 
4.96436 5.58384 -0.661229 0.750184 1 0.279192 0 2.00631e-05 -6.92457e-06 
4.98114 5.59863 -0.66104 0.750351 1 0.279931 0 2.01127e-05 -6.94246e-06 
4.99792 5.61341 -0.660854 0.750514 1 0.28067 0 2.01624e-05 -6.96035e-06 
5.0147 5.62818 -0.660672 0.750674 1 0.281409 0 2.0212e-05 -6.97824e-06 
ZONE I=5
5.0147 5.62818 -0.660672 0.750674 1 0.281409 0 2.0212e-05 -6.97824e-06 
5.03149 5.64295 -0.660494 0.750831 1 0.282148 0 2.02618e-05 -6.99613e-06 
5.04828 5.65772 -0.660319 0.750985 1 0.282886 0 2.03115e-05 -7.01401e-06 
5.06508 5.67248 -0.660148 0.751136 1 0.283624 0 2.03613e-05 -7.0319e-06 
5.08187 5.68724 -0.65998 0.751283 1 0.284362 0 2.04111e-05 -7.04979e-06 
ZONE I=5
5.08187 5.68724 -0.65998 0.751283 1 0.284362 0 2.04111e-05 -7.04979e-06 
5.09867 5.702 -0.659815 0.751428 1 0.2851 0 2.0461e-05 -7.06768e-06 
5.11548 5.71675 -0.659654 0.751569 1 0.285838 0 2.05109e-05 -7.08557e-06 
5.13228 5.7315 -0.659496 0.751708 1 0.286575 0 2.05608e-05 -7.10346e-06 
5.1491 5.74624 -0.659342 0.751843 1 0.287312 0 2.06108e-05 -7.12135e-06 
ZONE I=5
5.1491 5.74624 -0.659342 0.751843 1 0.287312 0 2.06108e-05 -7.12135e-06 
5.16591 5.76099 -0.659191 0.751976 1 0.288049 0 2.06608e-05 -7.13924e-06 
5.18272 5.77572 -0.659043 0.752105 1 0.288786 0 2.07108e-05 -7.15713e-06 
5.19954 5.79046 -0.658898 0.752232 1 0.289523 0 2.07609e-05 -7.17502e-06 
5.21637 5.80519 -0.658757 0.752356 1 0.29026 0 2.0811e-05 -7.19292e-06 
ZONE I=5
5.21637 5.80519 -0.658757 0.752356 1 0.29026 0 2.0811e-05 -7.19292e-06 
5.23319 5.81992 -0.658619 0.752477 1 0.290996 0 2.08612e-05 -7.21081e-06 
5.25002 5.83465 -0.658484 0.752595 1 0.291732 0 2.09114e-05 -7.22871e-06 
5.26685 5.84937 -0.658352 0.752711 1 0.292468 0 2.09616e-05 -7.24661e-06 
5.28368 5.86409 -0.658223 0.752823 1 0.293204 0 2.10119e-05 -7.26451e-06 
ZONE I=5
5.28368 5.86409 -0.658223 0.752823 1 0.293204 0 2.10119e-05 -7.26451e-06 
5.30051 5.8788 -0.658097 0.752934 1 0.29394 0 2.10622e-05 -7.28241e-06 
5.31735 5.89352 -0.657974 0.753041 1 0.294676 0 2.11125e-05 -7.30032e-06 
5.33419 5.90823 -0.657853 0.753146 1 0.295412 0 2.11629e-05 -7.31822e-06 
5.35103 5.92294 -0.657736 0.753248 1 0.296147 0 2.12133e-05 -7.33613e-06 
ZONE I=5
5.35103 5.92294 -0.657736 0.753248 1 0.296147 0 2.12133e-05 -7.33613e-06 
5.36788 5.93764 -0.657622 0.753348 1 0.296882 0 2.12637e-05 -7.35404e-06 
5.38472 5.95235 -0.657511 0.753445 1 0.297617 0 2.13142e-05 -7.37196e-06 
5.40157 5.96705 -0.657402 0.75354 1 0.298352 0 2.13647e-05 -7.38987e-06 
5.41842 5.98175 -0.657296 0.753632 1 0.299087 0 2.14152e-05 -7.40779e-06 
ZONE I=5
5.41842 5.98175 -0.657296 0.753632 1 0.299087 0 2.14152e-05 -7.40779e-06 
5.43528 5.99644 -0.657193 0.753722 1 0.299822 0 2.14658e-05 -7.42571e-06 
5.45213 6.01114 -0.657093 0.75381 1 0.300557 0 2.15164e-05 -7.44364e-06 
5.46899 6.02583 -0.656995 0.753895 1 0.301292 0 2.15671e-05 -7.46156e-06 
5.48585 6.04052 -0.6569 0.753978 1 0.302026 0 2.16178e-05 -7.47949e-06 
ZONE I=5
5.48585 6.04052 -0.6569 0.753978 1 0.302026 0 2.16178e-05 -7.47949e-06 
5.50271 6.05521 -0.656807 0.754059 1 0.30276 0 2.16685e-05 -7.49742e-06 
5.51957 6.06989 -0.656717 0.754137 1 0.303495 0 2.17193e-05 -7.51536e-06 
5.53643 6.08458 -0.65663 0.754213 1 0.304229 0 2.177e-05 -7.5333e-06 
5.5533 6.09926 -0.656545 0.754287 1 0.304963 0 2.18209e-05 -7.55124e-06 
ZONE I=5
5.5533 6.09926 -0.656545 0.754287 1 0.304963 0 2.18209e-05 -7.55124e-06 
5.57016 6.11394 -0.656462 0.754359 1 0.305697 0 2.18717e-05 -7.56918e-06 
5.58703 6.12862 -0.656382 0.754429 1 0.306431 0 2.19226e-05 -7.58713e-06 
5.6039 6.14329 -0.656304 0.754496 1 0.307165 0 2.19736e-05 -7.60508e-06 
5.62078 6.15797 -0.656229 0.754562 1 0.307898 0 2.20245e-05 -7.62303e-06 
ZONE I=5
5.62078 6.15797 -0.656229 0.754562 1 0.307898 0 2.20245e-05 -7.62303e-06 
5.63765 6.17264 -0.656156 0.754625 1 0.308632 0 2.20755e-05 -7.64099e-06 
5.65452 6.18731 -0.656085 0.754687 1 0.309366 0 2.21266e-05 -7.65895e-06 
5.6714 6.20198 -0.656017 0.754746 1 0.310099 0 2.21776e-05 -7.67691e-06 
5.68828 6.21665 -0.65595 0.754804 1 0.310833 0 2.22287e-05 -7.69488e-06 
ZONE I=5
5.68828 6.21665 -0.65595 0.754804 1 0.310833 0 2.22287e-05 -7.69488e-06 
5.70516 6.23132 -0.655886 0.75486 1 0.311566 0 2.22799e-05 -7.71285e-06 
5.72204 6.24598 -0.655824 0.754914 1 0.312299 0 2.2331e-05 -7.73082e-06 
5.73892 6.26065 -0.655764 0.754966 1 0.313032 0 2.23822e-05 -7.7488e-06 
5.7558 6.27531 -0.655707 0.755016 1 0.313765 0 2.24335e-05 -7.76677e-06 
ZONE I=5
5.7558 6.27531 -0.655707 0.755016 1 0.313765 0 2.24335e-05 -7.76677e-06 
5.77268 6.28997 -0.655651 0.755064 1 0.314499 0 2.24847e-05 -7.78476e-06 
5.78957 6.30463 -0.655597 0.755111 1 0.315232 0 2.2536e-05 -7.80274e-06 
5.80645 6.31929 -0.655545 0.755156 1 0.315964 0 2.25873e-05 -7.82073e-06 
5.82334 6.33395 -0.655495 0.7552 1 0.316697 0 2.26387e-05 -7.83873e-06 
ZONE I=5
5.82334 6.33395 -0.655495 0.7552 1 0.316697 0 2.26387e-05 -7.83873e-06 
5.84022 6.3486 -0.655447 0.755241 1 0.31743 0 2.26901e-05 -7.85672e-06 
5.85711 6.36326 -0.655401 0.755281 1 0.318163 0 2.27415e-05 -7.87472e-06 
5.874 6.37791 -0.655356 0.75532 1 0.318896 0 2.27929e-05 -7.89273e-06 
5.89089 6.39257 -0.655314 0.755357 1 0.319628 0 2.28444e-05 -7.91073e-06 
ZONE I=5
5.89089 6.39257 -0.655314 0.755357 1 0.319628 0 2.28444e-05 -7.91073e-06 
5.90778 6.40722 -0.655273 0.755392 1 0.320361 0 2.28959e-05 -7.92874e-06 
5.92467 6.42187 -0.655233 0.755426 1 0.321094 0 2.29475e-05 -7.94676e-06 
5.94157 6.43652 -0.655196 0.755459 1 0.321826 0 2.2999e-05 -7.96477e-06 
5.95846 6.45117 -0.65516 0.75549 1 0.322559 0 2.30506e-05 -7.9828e-06 
ZONE I=5
5.95846 6.45117 -0.65516 0.75549 1 0.322559 0 2.30506e-05 -7.9828e-06 
5.97535 6.46582 -0.655126 0.75552 1 0.323291 0 2.31022e-05 -8.00082e-06 
5.99225 6.48047 -0.655093 0.755548 1 0.324024 0 2.31539e-05 -8.01885e-06 
6.00914 6.49512 -0.655062 0.755575 1 0.324756 0 2.32055e-05 -8.03688e-06 
6.02604 6.50977 -0.655032 0.755601 1 0.325488 0 2.32572e-05 -8.05491e-06 
ZONE I=5
6.02604 6.50977 -0.655032 0.755601 1 0.325488 0 2.32572e-05 -8.05491e-06 
6.04293 6.52441 -0.655004 0.755626 1 0.326221 0 2.3309e-05 -8.07295e-06 
6.05983 6.53906 -0.654977 0.755649 1 0.326953 0 2.33607e-05 -8.09098e-06 
6.07673 6.55371 -0.654951 0.755671 1 0.327685 0 2.34125e-05 -8.10903e-06 
6.09362 6.56835 -0.654927 0.755692 1 0.328418 0 2.34643e-05 -8.12707e-06 
ZONE I=5
6.09362 6.56835 -0.654927 0.755692 1 0.328418 0 2.34643e-05 -8.12707e-06 
6.11052 6.583 -0.654904 0.755712 1 0.32915 0 2.35161e-05 -8.14512e-06 
6.12742 6.59764 -0.654883 0.755731 1 0.329882 0 2.35679e-05 -8.16317e-06 
6.14432 6.61228 -0.654862 0.755748 1 0.330614 0 2.36198e-05 -8.18123e-06 
6.16122 6.62693 -0.654843 0.755765 1 0.331346 0 2.36717e-05 -8.19929e-06 
ZONE I=5
6.16122 6.62693 -0.654843 0.755765 1 0.331346 0 2.36717e-05 -8.19929e-06 
6.17812 6.64157 -0.654825 0.755781 1 0.332078 0 2.37236e-05 -8.21735e-06 
6.19502 6.65621 -0.654808 0.755795 1 0.332811 0 2.37755e-05 -8.23541e-06 
6.21192 6.67085 -0.654792 0.755809 1 0.333543 0 2.38275e-05 -8.25348e-06 
6.22882 6.68549 -0.654778 0.755822 1 0.334275 0 2.38795e-05 -8.27154e-06 
ZONE I=5
6.22882 6.68549 -0.654778 0.755822 1 0.334275 0 2.38795e-05 -8.27154e-06 
6.24572 6.70013 -0.654764 0.755833 1 0.335007 0 2.39315e-05 -8.28962e-06 
6.26262 6.71478 -0.654751 0.755845 1 0.335739 0 2.39835e-05 -8.30769e-06 
6.27952 6.72942 -0.654739 0.755855 1 0.336471 0 2.40355e-05 -8.32576e-06 
6.29642 6.74406 -0.654728 0.755864 1 0.337203 0 2.40876e-05 -8.34384e-06 
ZONE I=5
6.29642 6.74406 -0.654728 0.755864 1 0.337203 0 2.40876e-05 -8.34384e-06 
6.31333 6.7587 -0.654718 0.755873 1 0.337935 0 2.41396e-05 -8.36192e-06 
6.33023 6.77334 -0.654709 0.755881 1 0.338667 0 2.41917e-05 -8.38001e-06 
6.34713 6.78798 -0.654701 0.755888 1 0.339399 0 2.42438e-05 -8.39809e-06 
6.36403 6.80262 -0.654693 0.755895 1 0.340131 0 2.42959e-05 -8.41618e-06 
ZONE I=5
6.36403 6.80262 -0.654693 0.755895 1 0.340131 0 2.42959e-05 -8.41618e-06 
6.38093 6.81725 -0.654686 0.755901 1 0.340863 0 2.43481e-05 -8.43427e-06 
6.39784 6.83189 -0.65468 0.755906 1 0.341595 0 2.44002e-05 -8.45236e-06 
6.41474 6.84653 -0.654674 0.755911 1 0.342327 0 2.44524e-05 -8.47045e-06 
6.43164 6.86117 -0.65467 0.755915 1 0.343059 0 2.45045e-05 -8.48855e-06 
ZONE I=5
6.43164 6.86117 -0.65467 0.755915 1 0.343059 0 2.45045e-05 -8.48855e-06 
6.44855 6.87581 -0.654665 0.755919 1 0.343791 0 2.45567e-05 -8.50665e-06 
6.46545 6.89045 -0.654661 0.755922 1 0.344522 0 2.46089e-05 -8.52474e-06 
6.48235 6.90509 -0.654658 0.755925 1 0.345254 0 2.46611e-05 -8.54284e-06 
6.49925 6.91973 -0.654655 0.755928 1 0.345986 0 2.47133e-05 -8.56095e-06 
ZONE I=5
6.49925 6.91973 -0.654655 0.755928 1 0.345986 0 2.47133e-05 -8.56095e-06 
6.51616 6.93436 -0.654653 0.75593 1 0.346718 0 2.47656e-05 -8.57905e-06 
6.53306 6.949 -0.654651 0.755931 1 0.34745 0 2.48178e-05 -8.59715e-06 
6.54996 6.96364 -0.654649 0.755933 1 0.348182 0 2.487e-05 -8.61526e-06 
6.56687 6.97828 -0.654648 0.755934 1 0.348914 0 2.49223e-05 -8.63336e-06 
ZONE I=5
6.56687 6.97828 -0.654648 0.755934 1 0.348914 0 2.49223e-05 -8.63336e-06 
6.58377 6.99292 -0.654647 0.755935 1 0.349646 0 2.49746e-05 -8.65147e-06 
6.60067 7.00756 -0.654646 0.755936 1 0.350378 0 2.50268e-05 -8.66958e-06 
6.61758 7.0222 -0.654646 0.755936 1 0.35111 0 2.50791e-05 -8.68769e-06 
6.63448 7.03683 -0.654645 0.755936 1 0.351842 0 2.51314e-05 -8.7058e-06 
ZONE I=5
6.63448 7.03683 -0.654645 0.755936 1 0.351842 0 2.51314e-05 -8.7058e-06 
6.65138 7.05147 -0.654645 0.755936 1 0.352574 0 2.51836e-05 -8.7239e-06 
6.66829 7.06611 -0.654645 0.755937 1 0.353305 0 2.52359e-05 -8.74201e-06 
6.68519 7.08075 -0.654645 0.755937 1 0.354037 0 2.52882e-05 -8.76012e-06 
6.70209 7.09539 -0.654645 0.755937 1 0.354769 0 2.53405e-05 -8.77823e-06 
