ZONE I=5
0 0 -1 0 1 0 0 0 -0 
4.19853e-05 0.0223557 -0.999993 0.00375316 1 0.00111779 0 1.11778e-07 -2.0976e-10 
0.000167678 0.0447111 -0.999972 0.0074886 1 0.00223556 0 2.23549e-07 -8.37036e-10 
0.000376681 0.067066 -0.999937 0.0112063 1 0.0033533 0 3.35309e-07 -1.87879e-09 
0.0006686 0.08942 -0.999889 0.0149063 1 0.004471 0 4.4705e-07 -3.33194e-09 
ZONE I=5
0.0006686 0.08942 -0.999889 0.0149063 1 0.004471 0 4.4705e-07 -3.33194e-09 
0.00104304 0.111773 -0.999827 0.0185886 1 0.00558864 0 5.58767e-07 -5.19335e-09 
0.0014996 0.134124 -0.999752 0.022253 1 0.0067062 0 6.70454e-07 -7.45982e-09 
0.00203788 0.156474 -0.999665 0.0258997 1 0.00782368 0 7.82106e-07 -1.01281e-08 
0.0026575 0.178821 -0.999564 0.0295285 1 0.00894105 0 8.93716e-07 -1.3195e-08 
ZONE I=5
0.0026575 0.178821 -0.999564 0.0295285 1 0.00894105 0 8.93716e-07 -1.3195e-08 
0.00335804 0.201166 -0.999451 0.0331395 1 0.0100583 0 1.00528e-06 -1.66572e-08 
0.0041391 0.223509 -0.999325 0.0367325 1 0.0111754 0 1.11679e-06 -2.05113e-08 
0.0050003 0.245848 -0.999187 0.0403077 1 0.0122924 0 1.22824e-06 -2.47538e-08 
0.00594123 0.268185 -0.999037 0.0438651 1 0.0134092 0 1.33963e-06 -2.93815e-08 
ZONE I=5
0.00594123 0.268185 -0.999037 0.0438651 1 0.0134092 0 1.33963e-06 -2.93815e-08 
0.00696149 0.290518 -0.998876 0.0474045 1 0.0145259 0 1.45096e-06 -3.43909e-08 
0.00806067 0.312847 -0.998702 0.050926 1 0.0156424 0 1.56221e-06 -3.97784e-08 
0.00923839 0.335172 -0.998518 0.0544295 1 0.0167586 0 1.67338e-06 -4.55406e-08 
0.0104942 0.357493 -0.998322 0.0579152 1 0.0178747 0 1.78447e-06 -5.16739e-08 
ZONE I=5
0.0104942 0.357493 -0.998322 0.0579152 1 0.0178747 0 1.78447e-06 -5.16739e-08 
0.0118278 0.37981 -0.998114 0.0613829 1 0.0189905 0 1.89547e-06 -5.81747e-08 
0.0132387 0.402122 -0.997896 0.0648327 1 0.0201061 0 2.00638e-06 -6.50395e-08 
0.0147265 0.424429 -0.997667 0.0682645 1 0.0212215 0 2.1172e-06 -7.22646e-08 
0.0162909 0.446731 -0.997428 0.0716784 1 0.0223365 0 2.22792e-06 -7.98464e-08 
ZONE I=5
0.0162909 0.446731 -0.997428 0.0716784 1 0.0223365 0 2.22792e-06 -7.98464e-08 
0.0179314 0.469027 -0.997178 0.0750743 1 0.0234514 0 2.33853e-06 -8.77813e-08 
0.0196476 0.491318 -0.996918 0.0784523 1 0.0245659 0 2.44903e-06 -9.60655e-08 
0.0214391 0.513603 -0.996648 0.0818123 1 0.0256801 0 2.55942e-06 -1.04695e-07 
0.0233056 0.535881 -0.996368 0.0851545 1 0.0267941 0 2.66969e-06 -1.13667e-07 
ZONE I=5
0.0233056 0.535881 -0.996368 0.0851545 1 0.0267941 0 2.66969e-06 -1.13667e-07 
0.0252465 0.558154 -0.996078 0.0884787 1 0.0279077 0 2.77984e-06 -1.22978e-07 
0.0272616 0.58042 -0.995779 0.0917849 1 0.029021 0 2.88987e-06 -1.32622e-07 
0.0293505 0.602679 -0.99547 0.0950733 1 0.0301339 0 2.99977e-06 -1.42598e-07 
0.0315126 0.624931 -0.995153 0.0983437 1 0.0312465 0 3.10954e-06 -1.529e-07 
ZONE I=5
0.0315126 0.624931 -0.995153 0.0983437 1 0.0312465 0 3.10954e-06 -1.529e-07 
0.0337476 0.647176 -0.994826 0.101596 1 0.0323588 0 3.21918e-06 -1.63526e-07 
0.0360552 0.669413 -0.99449 0.104831 1 0.0334707 0 3.32867e-06 -1.74471e-07 
0.0384349 0.691643 -0.994146 0.108048 1 0.0345822 0 3.43803e-06 -1.85733e-07 
0.0408864 0.713865 -0.993793 0.111247 1 0.0356933 0 3.54724e-06 -1.97306e-07 
ZONE I=5
0.0408864 0.713865 -0.993793 0.111247 1 0.0356933 0 3.54724e-06 -1.97306e-07 
0.0434091 0.73608 -0.993432 0.114428 1 0.036804 0 3.6563e-06 -2.09187e-07 
0.0460028 0.758286 -0.993062 0.117591 1 0.0379143 0 3.76522e-06 -2.21373e-07 
0.048667 0.780484 -0.992685 0.120737 1 0.0390242 0 3.87398e-06 -2.33859e-07 
0.0514013 0.802673 -0.992299 0.123865 1 0.0401337 0 3.98258e-06 -2.46643e-07 
ZONE I=5
0.0514013 0.802673 -0.992299 0.123865 1 0.0401337 0 3.98258e-06 -2.46643e-07 
0.0542054 0.824854 -0.991906 0.126974 1 0.0412427 0 4.09102e-06 -2.59719e-07 
0.0570788 0.847026 -0.991505 0.130067 1 0.0423513 0 4.1993e-06 -2.73085e-07 
0.0600211 0.869189 -0.991097 0.133141 1 0.0434594 0 4.30742e-06 -2.86736e-07 
0.063032 0.891342 -0.990682 0.136198 1 0.0445671 0 4.41538e-06 -3.0067e-07 
ZONE I=5
0.063032 0.891342 -0.990682 0.136198 1 0.0445671 0 4.41538e-06 -3.0067e-07 
0.0661111 0.913487 -0.990259 0.139237 1 0.0456743 0 4.52316e-06 -3.14881e-07 
0.0692579 0.935621 -0.989829 0.142259 1 0.0467811 0 4.63077e-06 -3.29367e-07 
0.072472 0.957747 -0.989393 0.145263 1 0.0478873 0 4.73821e-06 -3.44123e-07 
0.0757531 0.979862 -0.98895 0.148249 1 0.0489931 0 4.84547e-06 -3.59146e-07 
ZONE I=5
0.0757531 0.979862 -0.98895 0.148249 1 0.0489931 0 4.84547e-06 -3.59146e-07 
0.0791008 1.00197 -0.9885 0.151218 1 0.0500984 0 4.95256e-06 -3.74432e-07 
0.0825147 1.02406 -0.988044 0.154169 1 0.0512031 0 5.05946e-06 -3.89978e-07 
0.0859944 1.04615 -0.987582 0.157103 1 0.0523074 0 5.16619e-06 -4.0578e-07 
0.0895395 1.06822 -0.987114 0.160019 1 0.0534111 0 5.27273e-06 -4.21833e-07 
ZONE I=5
0.0895395 1.06822 -0.987114 0.160019 1 0.0534111 0 5.27273e-06 -4.21833e-07 
0.0931496 1.09029 -0.98664 0.162918 1 0.0545144 0 5.37909e-06 -4.38135e-07 
0.0968243 1.11234 -0.98616 0.165799 1 0.055617 0 5.48526e-06 -4.54682e-07 
0.100563 1.13438 -0.985674 0.168663 1 0.0567192 0 5.59124e-06 -4.7147e-07 
0.104366 1.15642 -0.985182 0.17151 1 0.0578208 0 5.69704e-06 -4.88495e-07 
ZONE I=5
0.104366 1.15642 -0.985182 0.17151 1 0.0578208 0 5.69704e-06 -4.88495e-07 
0.108232 1.17844 -0.984686 0.17434 1 0.0589218 0 5.80264e-06 -5.05755e-07 
0.112162 1.20045 -0.984184 0.177152 1 0.0600223 0 5.90805e-06 -5.23244e-07 
0.116154 1.22244 -0.983676 0.179947 1 0.0611222 0 6.01327e-06 -5.40961e-07 
0.120208 1.24443 -0.983164 0.182725 1 0.0622216 0 6.11829e-06 -5.589e-07 
ZONE I=5
0.120208 1.24443 -0.983164 0.182725 1 0.0622216 0 6.11829e-06 -5.589e-07 
0.124324 1.26641 -0.982647 0.185485 1 0.0633204 0 6.22311e-06 -5.77059e-07 
0.128502 1.28837 -0.982125 0.188229 1 0.0644186 0 6.32774e-06 -5.95435e-07 
0.132741 1.31032 -0.981599 0.190955 1 0.0655162 0 6.43217e-06 -6.14022e-07 
0.137041 1.33227 -0.981068 0.193665 1 0.0666133 0 6.53641e-06 -6.3282e-07 
ZONE I=5
0.137041 1.33227 -0.981068 0.193665 1 0.0666133 0 6.53641e-06 -6.3282e-07 
0.141401 1.35419 -0.980532 0.196357 1 0.0677097 0 6.64044e-06 -6.51822e-07 
0.145821 1.37611 -0.979993 0.199033 1 0.0688055 0 6.74427e-06 -6.71028e-07 
0.150301 1.39802 -0.979449 0.201691 1 0.0699008 0 6.8479e-06 -6.90432e-07 
0.15484 1.41991 -0.978901 0.204333 1 0.0709954 0 6.95133e-06 -7.10031e-07 
ZONE I=5
0.15484 1.41991 -0.978901 0.204333 1 0.0709954 0 6.95133e-06 -7.10031e-07 
0.159437 1.44179 -0.97835 0.206958 1 0.0720894 0 7.05456e-06 -7.29823e-07 
0.164094 1.46366 -0.977795 0.209566 1 0.0731828 0 7.15758e-06 -7.49803e-07 
0.168808 1.48551 -0.977236 0.212157 1 0.0742756 0 7.2604e-06 -7.6997e-07 
0.173581 1.50735 -0.976673 0.214732 1 0.0753677 0 7.36301e-06 -7.90318e-07 
ZONE I=5
0.173581 1.50735 -0.976673 0.214732 1 0.0753677 0 7.36301e-06 -7.90318e-07 
0.17841 1.52919 -0.976107 0.21729 1 0.0764593 0 7.46542e-06 -8.10845e-07 
0.183297 1.551 -0.975538 0.219832 1 0.0775501 0 7.56763e-06 -8.31548e-07 
0.18824 1.57281 -0.974965 0.222357 1 0.0786404 0 7.66963e-06 -8.52423e-07 
0.19324 1.5946 -0.97439 0.224865 1 0.07973 0 7.77143e-06 -8.73468e-07 
ZONE I=5
0.19324 1.5946 -0.97439 0.224865 1 0.07973 0 7.77143e-06 -8.73468e-07 
0.198295 1.61638 -0.973811 0.227357 1 0.080819 0 7.87301e-06 -8.94679e-07 
0.203406 1.63815 -0.97323 0.229833 1 0.0819073 0 7.9744e-06 -9.16053e-07 
0.208573 1.6599 -0.972646 0.232293 1 0.082995 0 8.07558e-06 -9.37587e-07 
0.213794 1.68164 -0.972059 0.234736 1 0.084082 0 8.17655e-06 -9.59278e-07 
ZONE I=5
0.213794 1.68164 -0.972059 0.234736 1 0.084082 0 8.17655e-06 -9.59278e-07 
0.219069 1.70337 -0.97147 0.237162 1 0.0851683 0 8.27731e-06 -9.81123e-07 
0.224399 1.72508 -0.970878 0.239573 1 0.086254 0 8.37788e-06 -1.00312e-06 
0.229782 1.74678 -0.970284 0.241968 1 0.0873391 0 8.47823e-06 -1.02526e-06 
0.235219 1.76847 -0.969688 0.244346 1 0.0884235 0 8.57838e-06 -1.04755e-06 
ZONE I=5
0.235219 1.76847 -0.969688 0.244346 1 0.0884235 0 8.57838e-06 -1.04755e-06 
0.240708 1.79014 -0.96909 0.246708 1 0.0895072 0 8.67832e-06 -1.06998e-06 
0.246251 1.8118 -0.968489 0.249055 1 0.0905902 0 8.77806e-06 -1.09255e-06 
0.251845 1.83345 -0.967887 0.251385 1 0.0916726 0 8.8776e-06 -1.11525e-06 
0.257492 1.85509 -0.967283 0.2537 1 0.0927543 0 8.97693e-06 -1.13809e-06 
ZONE I=5
0.257492 1.85509 -0.967283 0.2537 1 0.0927543 0 8.97693e-06 -1.13809e-06 
0.26319 1.87671 -0.966677 0.255998 1 0.0938353 0 9.07605e-06 -1.16106e-06 
0.268939 1.89831 -0.96607 0.258281 1 0.0949156 0 9.17498e-06 -1.18416e-06 
0.27474 1.91991 -0.965461 0.260549 1 0.0959953 0 9.27369e-06 -1.20738e-06 
0.28059 1.94149 -0.96485 0.2628 1 0.0970743 0 9.37221e-06 -1.23072e-06 
ZONE I=5
0.28059 1.94149 -0.96485 0.2628 1 0.0970743 0 9.37221e-06 -1.23072e-06 
0.286491 1.96305 -0.964238 0.265036 1 0.0981526 0 9.47053e-06 -1.25418e-06 
0.292442 1.9846 -0.963625 0.267257 1 0.0992302 0 9.56864e-06 -1.27776e-06 
0.298442 2.00614 -0.963011 0.269462 1 0.100307 0 9.66655e-06 -1.30146e-06 
0.304492 2.02767 -0.962396 0.271651 1 0.101383 0 9.76426e-06 -1.32526e-06 
ZONE I=5
0.304492 2.02767 -0.962396 0.271651 1 0.101383 0 9.76426e-06 -1.32526e-06 
0.31059 2.04918 -0.961779 0.273825 1 0.102459 0 9.86177e-06 -1.34918e-06 
0.316736 2.07068 -0.961162 0.275984 1 0.103534 0 9.95909e-06 -1.3732e-06 
0.322931 2.09216 -0.960544 0.278128 1 0.104608 0 1.00562e-05 -1.39732e-06 
0.329174 2.11363 -0.959925 0.280256 1 0.105681 0 1.01531e-05 -1.42155e-06 
ZONE I=5
0.329174 2.11363 -0.959925 0.280256 1 0.105681 0 1.01531e-05 -1.42155e-06 
0.335464 2.13509 -0.959306 0.282369 1 0.106754 0 1.02498e-05 -1.44587e-06 
0.341801 2.15653 -0.958686 0.284467 1 0.107826 0 1.03464e-05 -1.47029e-06 
0.348184 2.17796 -0.958065 0.286551 1 0.108898 0 1.04427e-05 -1.49481e-06 
0.354614 2.19937 -0.957444 0.288619 1 0.109969 0 1.05388e-05 -1.51941e-06 
ZONE I=5
0.354614 2.19937 -0.957444 0.288619 1 0.109969 0 1.05388e-05 -1.51941e-06 
0.361091 2.22077 -0.956823 0.290672 1 0.111039 0 1.06348e-05 -1.54411e-06 
0.367613 2.24216 -0.956201 0.29271 1 0.112108 0 1.07305e-05 -1.56889e-06 
0.37418 2.26353 -0.955579 0.294734 1 0.113177 0 1.08261e-05 -1.59376e-06 
0.380792 2.28489 -0.954958 0.296742 1 0.114245 0 1.09215e-05 -1.61871e-06 
ZONE I=5
0.380792 2.28489 -0.954958 0.296742 1 0.114245 0 1.09215e-05 -1.61871e-06 
0.38745 2.30624 -0.954336 0.298736 1 0.115312 0 1.10166e-05 -1.64374e-06 
0.394151 2.32757 -0.953714 0.300716 1 0.116378 0 1.11116e-05 -1.66885e-06 
0.400897 2.34888 -0.953092 0.302681 1 0.117444 0 1.12064e-05 -1.69403e-06 
0.407687 2.37019 -0.95247 0.304631 1 0.118509 0 1.13011e-05 -1.71929e-06 
ZONE I=5
0.407687 2.37019 -0.95247 0.304631 1 0.118509 0 1.13011e-05 -1.71929e-06 
0.41452 2.39148 -0.951849 0.306567 1 0.119574 0 1.13955e-05 -1.74461e-06 
0.421396 2.41275 -0.951228 0.308488 1 0.120638 0 1.14897e-05 -1.77001e-06 
0.428315 2.43401 -0.950608 0.310395 1 0.121701 0 1.15838e-05 -1.79548e-06 
0.435276 2.45526 -0.949987 0.312288 1 0.122763 0 1.16777e-05 -1.82101e-06 
ZONE I=5
0.435276 2.45526 -0.949987 0.312288 1 0.122763 0 1.16777e-05 -1.82101e-06 
0.44228 2.4765 -0.949368 0.314167 1 0.123825 0 1.17714e-05 -1.8466e-06 
0.449325 2.49772 -0.948749 0.316031 1 0.124886 0 1.18649e-05 -1.87225e-06 
0.456412 2.51892 -0.94813 0.317882 1 0.125946 0 1.19583e-05 -1.89797e-06 
0.46354 2.54012 -0.947513 0.319718 1 0.127006 0 1.20515e-05 -1.92374e-06 
ZONE I=5
0.46354 2.54012 -0.947513 0.319718 1 0.127006 0 1.20515e-05 -1.92374e-06 
0.470709 2.56129 -0.946896 0.321541 1 0.128065 0 1.21445e-05 -1.94956e-06 
0.477919 2.58246 -0.94628 0.323349 1 0.129123 0 1.22373e-05 -1.97544e-06 
0.485169 2.60361 -0.945665 0.325144 1 0.130181 0 1.23299e-05 -2.00138e-06 
0.492459 2.62475 -0.94505 0.326925 1 0.131237 0 1.24224e-05 -2.02736e-06 
ZONE I=5
0.492459 2.62475 -0.94505 0.326925 1 0.131237 0 1.24224e-05 -2.02736e-06 
0.499789 2.64587 -0.944437 0.328692 1 0.132294 0 1.25147e-05 -2.05339e-06 
0.507158 2.66698 -0.943825 0.330445 1 0.133349 0 1.26069e-05 -2.07946e-06 
0.514566 2.68808 -0.943214 0.332185 1 0.134404 0 1.26988e-05 -2.10558e-06 
0.522012 2.70916 -0.942604 0.333911 1 0.135458 0 1.27907e-05 -2.13175e-06 
ZONE I=5
0.522012 2.70916 -0.942604 0.333911 1 0.135458 0 1.27907e-05 -2.13175e-06 
0.529498 2.73023 -0.941996 0.335624 1 0.136512 0 1.28823e-05 -2.15795e-06 
0.537021 2.75129 -0.941389 0.337323 1 0.137564 0 1.29738e-05 -2.1842e-06 
0.544582 2.77233 -0.940783 0.33901 1 0.138617 0 1.30651e-05 -2.21048e-06 
0.552181 2.79336 -0.940179 0.340682 1 0.139668 0 1.31563e-05 -2.2368e-06 
ZONE I=5
0.552181 2.79336 -0.940179 0.340682 1 0.139668 0 1.31563e-05 -2.2368e-06 
0.559817 2.81437 -0.939576 0.342342 1 0.140719 0 1.32473e-05 -2.26315e-06 
0.56749 2.83538 -0.938974 0.343988 1 0.141769 0 1.33381e-05 -2.28954e-06 
0.5752 2.85636 -0.938374 0.345621 1 0.142818 0 1.34288e-05 -2.31595e-06 
0.582946 2.87734 -0.937776 0.347241 1 0.143867 0 1.35193e-05 -2.3424e-06 
ZONE I=5
0.582946 2.87734 -0.937776 0.347241 1 0.143867 0 1.35193e-05 -2.3424e-06 
0.590728 2.8983 -0.937179 0.348848 1 0.144915 0 1.36097e-05 -2.36888e-06 
0.598546 2.91925 -0.936584 0.350442 1 0.145962 0 1.37e-05 -2.39538e-06 
0.6064 2.94018 -0.935991 0.352024 1 0.147009 0 1.379e-05 -2.42191e-06 
0.614289 2.96111 -0.9354 0.353592 1 0.148055 0 1.388e-05 -2.44846e-06 
ZONE I=5
0.614289 2.96111 -0.9354 0.353592 1 0.148055 0 1.388e-05 -2.44846e-06 
0.622212 2.98202 -0.93481 0.355148 1 0.149101 0 1.39698e-05 -2.47504e-06 
0.630171 3.00291 -0.934223 0.356691 1 0.150146 0 1.40594e-05 -2.50164e-06 
0.638163 3.02379 -0.933637 0.358221 1 0.15119 0 1.41489e-05 -2.52826e-06 
0.64619 3.04466 -0.933053 0.359739 1 0.152233 0 1.42383e-05 -2.55489e-06 
ZONE I=5
0.64619 3.04466 -0.933053 0.359739 1 0.152233 0 1.42383e-05 -2.55489e-06 
0.65425 3.06552 -0.932471 0.361244 1 0.153276 0 1.43275e-05 -2.58155e-06 
0.662344 3.08636 -0.931892 0.362737 1 0.154318 0 1.44166e-05 -2.60822e-06 
0.670472 3.10719 -0.931314 0.364217 1 0.15536 0 1.45055e-05 -2.6349e-06 
0.678632 3.12801 -0.930739 0.365685 1 0.156401 0 1.45943e-05 -2.6616e-06 
ZONE I=5
0.678632 3.12801 -0.930739 0.365685 1 0.156401 0 1.45943e-05 -2.6616e-06 
0.686825 3.14882 -0.930165 0.367141 1 0.157441 0 1.4683e-05 -2.68832e-06 
0.69505 3.16961 -0.929594 0.368585 1 0.15848 0 1.47715e-05 -2.71504e-06 
0.703308 3.19039 -0.929025 0.370016 1 0.159519 0 1.48599e-05 -2.74177e-06 
0.711597 3.21115 -0.928459 0.371435 1 0.160558 0 1.49482e-05 -2.76852e-06 
ZONE I=5
0.711597 3.21115 -0.928459 0.371435 1 0.160558 0 1.49482e-05 -2.76852e-06 
0.719918 3.23191 -0.927895 0.372843 1 0.161595 0 1.50364e-05 -2.79527e-06 
0.728271 3.25265 -0.927333 0.374238 1 0.162632 0 1.51244e-05 -2.82202e-06 
0.736654 3.27338 -0.926773 0.375621 1 0.163669 0 1.52123e-05 -2.84879e-06 
0.745068 3.29409 -0.926216 0.376993 1 0.164705 0 1.53e-05 -2.87555e-06 
ZONE I=5
0.745068 3.29409 -0.926216 0.376993 1 0.164705 0 1.53e-05 -2.87555e-06 
0.753513 3.3148 -0.925662 0.378353 1 0.16574 0 1.53877e-05 -2.90232e-06 
0.761988 3.33549 -0.925109 0.379701 1 0.166774 0 1.54752e-05 -2.9291e-06 
0.770493 3.35617 -0.92456 0.381037 1 0.167808 0 1.55626e-05 -2.95587e-06 
0.779028 3.37683 -0.924013 0.382362 1 0.168842 0 1.56499e-05 -2.98265e-06 
ZONE I=5
0.779028 3.37683 -0.924013 0.382362 1 0.168842 0 1.56499e-05 -2.98265e-06 
0.787592 3.39749 -0.923468 0.383675 1 0.169874 0 1.57371e-05 -3.00942e-06 
0.796186 3.41813 -0.922926 0.384977 1 0.170907 0 1.58242e-05 -3.0362e-06 
0.804808 3.43876 -0.922387 0.386267 1 0.171938 0 1.59111e-05 -3.06297e-06 
0.81346 3.45938 -0.921851 0.387546 1 0.172969 0 1.5998e-05 -3.08974e-06 
ZONE I=5
0.81346 3.45938 -0.921851 0.387546 1 0.172969 0 1.5998e-05 -3.08974e-06 
0.822139 3.47999 -0.921317 0.388813 1 0.173999 0 1.60847e-05 -3.1165e-06 
0.830847 3.50058 -0.920785 0.390069 1 0.175029 0 1.61713e-05 -3.14326e-06 
0.839583 3.52117 -0.920257 0.391315 1 0.176058 0 1.62579e-05 -3.17002e-06 
0.848347 3.54174 -0.919731 0.392548 1 0.177087 0 1.63443e-05 -3.19676e-06 
ZONE I=5
0.848347 3.54174 -0.919731 0.392548 1 0.177087 0 1.63443e-05 -3.19676e-06 
0.857138 3.5623 -0.919208 0.393771 1 0.178115 0 1.64306e-05 -3.2235e-06 
0.865956 3.58284 -0.918688 0.394983 1 0.179142 0 1.65168e-05 -3.25023e-06 
0.874801 3.60338 -0.918171 0.396184 1 0.180169 0 1.66029e-05 -3.27696e-06 
0.883673 3.6239 -0.917657 0.397374 1 0.181195 0 1.66889e-05 -3.30367e-06 
ZONE I=5
0.883673 3.6239 -0.917657 0.397374 1 0.181195 0 1.66889e-05 -3.30367e-06 
0.892572 3.64442 -0.917145 0.398553 1 0.182221 0 1.67749e-05 -3.33037e-06 
0.901497 3.66492 -0.916637 0.399721 1 0.183246 0 1.68607e-05 -3.35706e-06 
0.910448 3.68541 -0.916131 0.400879 1 0.184271 0 1.69464e-05 -3.38374e-06 
0.919424 3.70589 -0.915628 0.402026 1 0.185294 0 1.7032e-05 -3.4104e-06 
ZONE I=5
0.919424 3.70589 -0.915628 0.402026 1 0.185294 0 1.7032e-05 -3.4104e-06 
0.928426 3.72636 -0.915129 0.403162 1 0.186318 0 1.71176e-05 -3.43705e-06 
0.937454 3.74681 -0.914632 0.404288 1 0.187341 0 1.7203e-05 -3.46369e-06 
0.946506 3.76726 -0.914138 0.405403 1 0.188363 0 1.72884e-05 -3.49031e-06 
0.955583 3.78769 -0.913647 0.406508 1 0.189385 0 1.73737e-05 -3.51692e-06 
ZONE I=5
0.955583 3.78769 -0.913647 0.406508 1 0.189385 0 1.73737e-05 -3.51692e-06 
0.964685 3.80812 -0.91316 0.407602 1 0.190406 0 1.74589e-05 -3.54351e-06 
0.973811 3.82853 -0.912675 0.408686 1 0.191427 0 1.7544e-05 -3.57008e-06 
0.982962 3.84893 -0.912193 0.40976 1 0.192447 0 1.7629e-05 -3.59664e-06 
0.992136 3.86933 -0.911715 0.410824 1 0.193466 0 1.7714e-05 -3.62318e-06 
ZONE I=5
0.992136 3.86933 -0.911715 0.410824 1 0.193466 0 1.7714e-05 -3.62318e-06 
1.00133 3.88971 -0.911239 0.411877 1 0.194485 0 1.77989e-05 -3.6497e-06 
1.01056 3.91008 -0.910767 0.41292 1 0.195504 0 1.78837e-05 -3.6762e-06 
1.0198 3.93044 -0.910298 0.413954 1 0.196522 0 1.79684e-05 -3.70268e-06 
1.02907 3.95079 -0.909832 0.414977 1 0.197539 0 1.80531e-05 -3.72914e-06 
ZONE I=5
1.02907 3.95079 -0.909832 0.414977 1 0.197539 0 1.80531e-05 -3.72914e-06 
1.03836 3.97112 -0.909369 0.41599 1 0.198556 0 1.81376e-05 -3.75558e-06 
1.04767 3.99145 -0.908909 0.416994 1 0.199573 0 1.82221e-05 -3.782e-06 
1.05701 4.01177 -0.908453 0.417987 1 0.200589 0 1.83066e-05 -3.80839e-06 
1.06636 4.03208 -0.908 0.418971 1 0.201604 0 1.8391e-05 -3.83477e-06 
ZONE I=5
1.06636 4.03208 -0.908 0.418971 1 0.201604 0 1.8391e-05 -3.83477e-06 
1.07574 4.05238 -0.907549 0.419945 1 0.202619 0 1.84753e-05 -3.86112e-06 
1.08514 4.07267 -0.907102 0.42091 1 0.203633 0 1.85595e-05 -3.88744e-06 
1.09457 4.09294 -0.906659 0.421865 1 0.204647 0 1.86437e-05 -3.91375e-06 
1.10401 4.11321 -0.906218 0.42281 1 0.205661 0 1.87278e-05 -3.94003e-06 
ZONE I=5
1.10401 4.11321 -0.906218 0.42281 1 0.205661 0 1.87278e-05 -3.94003e-06 
1.11347 4.13347 -0.905781 0.423746 1 0.206674 0 1.88118e-05 -3.96628e-06 
1.12296 4.15372 -0.905347 0.424672 1 0.207686 0 1.88958e-05 -3.99251e-06 
1.13247 4.17396 -0.904916 0.425589 1 0.208698 0 1.89798e-05 -4.01872e-06 
1.14199 4.19419 -0.904489 0.426497 1 0.209709 0 1.90636e-05 -4.04489e-06 
ZONE I=5
1.14199 4.19419 -0.904489 0.426497 1 0.209709 0 1.90636e-05 -4.04489e-06 
1.15154 4.21441 -0.904065 0.427396 1 0.21072 0 1.91475e-05 -4.07105e-06 
1.16111 4.23462 -0.903644 0.428285 1 0.211731 0 1.92312e-05 -4.09717e-06 
1.17069 4.25482 -0.903226 0.429165 1 0.212741 0 1.93149e-05 -4.12327e-06 
1.1803 4.27501 -0.902812 0.430036 1 0.213751 0 1.93986e-05 -4.14934e-06 
ZONE I=5
1.1803 4.27501 -0.902812 0.430036 1 0.213751 0 1.93986e-05 -4.14934e-06 
1.18992 4.29519 -0.902401 0.430898 1 0.21476 0 1.94822e-05 -4.17538e-06 
1.19957 4.31537 -0.901993 0.431751 1 0.215768 0 1.95658e-05 -4.2014e-06 
1.20923 4.33553 -0.901588 0.432595 1 0.216777 0 1.96493e-05 -4.22739e-06 
1.21891 4.35569 -0.901187 0.43343 1 0.217784 0 1.97328e-05 -4.25334e-06 
ZONE I=5
1.21891 4.35569 -0.901187 0.43343 1 0.217784 0 1.97328e-05 -4.25334e-06 
1.22861 4.37583 -0.900789 0.434256 1 0.218792 0 1.98162e-05 -4.27927e-06 
1.23833 4.39597 -0.900395 0.435074 1 0.219799 0 1.98996e-05 -4.30517e-06 
1.24807 4.4161 -0.900004 0.435882 1 0.220805 0 1.99829e-05 -4.33104e-06 
1.25783 4.43622 -0.899616 0.436682 1 0.221811 0 2.00662e-05 -4.35688e-06 
ZONE I=5
1.25783 4.43622 -0.899616 0.436682 1 0.221811 0 2.00662e-05 -4.35688e-06 
1.2676 4.45633 -0.899231 0.437474 1 0.222817 0 2.01495e-05 -4.38269e-06 
1.27739 4.47643 -0.89885 0.438257 1 0.223822 0 2.02327e-05 -4.40847e-06 
1.2872 4.49653 -0.898472 0.439031 1 0.224826 0 2.03159e-05 -4.43422e-06 
1.29702 4.51661 -0.898097 0.439797 1 0.225831 0 2.0399e-05 -4.45994e-06 
ZONE I=5
1.29702 4.51661 -0.898097 0.439797 1 0.225831 0 2.0399e-05 -4.45994e-06 
1.30687 4.53669 -0.897726 0.440554 1 0.226835 0 2.04822e-05 -4.48562e-06 
1.31673 4.55676 -0.897358 0.441304 1 0.227838 0 2.05652e-05 -4.51128e-06 
1.3266 4.57682 -0.896993 0.442044 1 0.228841 0 2.06483e-05 -4.5369e-06 
1.3365 4.59688 -0.896632 0.442777 1 0.229844 0 2.07313e-05 -4.56249e-06 
ZONE I=5
1.3365 4.59688 -0.896632 0.442777 1 0.229844 0 2.07313e-05 -4.56249e-06 
1.3464 4.61692 -0.896274 0.443501 1 0.230846 0 2.08143e-05 -4.58805e-06 
1.35633 4.63696 -0.895919 0.444217 1 0.231848 0 2.08973e-05 -4.61357e-06 
1.36627 4.65699 -0.895568 0.444925 1 0.232849 0 2.09802e-05 -4.63907e-06 
1.37623 4.67701 -0.895219 0.445625 1 0.23385 0 2.10631e-05 -4.66453e-06 
ZONE I=5
1.37623 4.67701 -0.895219 0.445625 1 0.23385 0 2.10631e-05 -4.66453e-06 
1.3862 4.69702 -0.894875 0.446317 1 0.234851 0 2.1146e-05 -4.68996e-06 
1.39619 4.71703 -0.894533 0.447002 1 0.235851 0 2.12289e-05 -4.71535e-06 
1.40619 4.73703 -0.894195 0.447678 1 0.236851 0 2.13117e-05 -4.74071e-06 
1.41621 4.75702 -0.89386 0.448346 1 0.237851 0 2.13945e-05 -4.76604e-06 
ZONE I=5
1.41621 4.75702 -0.89386 0.448346 1 0.237851 0 2.13945e-05 -4.76604e-06 
1.42624 4.777 -0.893528 0.449007 1 0.23885 0 2.14773e-05 -4.79133e-06 
1.43629 4.79698 -0.8932 0.449659 1 0.239849 0 2.15601e-05 -4.8166e-06 
1.44635 4.81695 -0.892875 0.450305 1 0.240847 0 2.16428e-05 -4.84182e-06 
1.45642 4.83691 -0.892553 0.450942 1 0.241845 0 2.17256e-05 -4.86701e-06 
ZONE I=5
1.45642 4.83691 -0.892553 0.450942 1 0.241845 0 2.17256e-05 -4.86701e-06 
1.46651 4.85686 -0.892235 0.451572 1 0.242843 0 2.18083e-05 -4.89217e-06 
1.47662 4.87681 -0.891919 0.452194 1 0.24384 0 2.1891e-05 -4.9173e-06 
1.48674 4.89675 -0.891607 0.452809 1 0.244837 0 2.19737e-05 -4.94239e-06 
1.49687 4.91668 -0.891299 0.453416 1 0.245834 0 2.20564e-05 -4.96744e-06 
ZONE I=5
1.49687 4.91668 -0.891299 0.453416 1 0.245834 0 2.20564e-05 -4.96744e-06 
1.50701 4.93661 -0.890993 0.454016 1 0.24683 0 2.21391e-05 -4.99246e-06 
1.51717 4.95653 -0.890691 0.454609 1 0.247826 0 2.22217e-05 -5.01745e-06 
1.52734 4.97644 -0.890392 0.455195 1 0.248822 0 2.23044e-05 -5.0424e-06 
1.53753 4.99635 -0.890096 0.455773 1 0.249817 0 2.2387e-05 -5.06731e-06 
ZONE I=5
1.53753 4.99635 -0.890096 0.455773 1 0.249817 0 2.2387e-05 -5.06731e-06 
1.54773 5.01625 -0.889804 0.456344 1 0.250812 0 2.24697e-05 -5.0922e-06 
1.55794 5.03614 -0.889514 0.456907 1 0.251807 0 2.25523e-05 -5.11704e-06 
1.56816 5.05603 -0.889228 0.457464 1 0.252801 0 2.26349e-05 -5.14185e-06 
1.5784 5.07591 -0.888945 0.458014 1 0.253795 0 2.27175e-05 -5.16663e-06 
ZONE I=5
1.5784 5.07591 -0.888945 0.458014 1 0.253795 0 2.27175e-05 -5.16663e-06 
1.58864 5.09578 -0.888665 0.458556 1 0.254789 0 2.28001e-05 -5.19137e-06 
1.5989 5.11565 -0.888389 0.459092 1 0.255783 0 2.28827e-05 -5.21607e-06 
1.60917 5.13551 -0.888115 0.459621 1 0.256776 0 2.29654e-05 -5.24074e-06 
1.61946 5.15537 -0.887845 0.460143 1 0.257768 0 2.3048e-05 -5.26538e-06 
ZONE I=5
1.61946 5.15537 -0.887845 0.460143 1 0.257768 0 2.3048e-05 -5.26538e-06 
1.62975 5.17522 -0.887578 0.460658 1 0.258761 0 2.31306e-05 -5.28997e-06 
1.64006 5.19506 -0.887314 0.461166 1 0.259753 0 2.32132e-05 -5.31454e-06 
1.65038 5.2149 -0.887053 0.461668 1 0.260745 0 2.32958e-05 -5.33906e-06 
1.66071 5.23473 -0.886795 0.462163 1 0.261737 0 2.33784e-05 -5.36356e-06 
ZONE I=5
1.66071 5.23473 -0.886795 0.462163 1 0.261737 0 2.33784e-05 -5.36356e-06 
1.67105 5.25456 -0.88654 0.462651 1 0.262728 0 2.3461e-05 -5.38801e-06 
1.6814 5.27438 -0.886289 0.463133 1 0.263719 0 2.35436e-05 -5.41243e-06 
1.69176 5.29419 -0.88604 0.463609 1 0.26471 0 2.36262e-05 -5.43682e-06 
1.70213 5.314 -0.885795 0.464077 1 0.2657 0 2.37089e-05 -5.46117e-06 
ZONE I=5
1.70213 5.314 -0.885795 0.464077 1 0.2657 0 2.37089e-05 -5.46117e-06 
1.71251 5.33381 -0.885552 0.46454 1 0.26669 0 2.37915e-05 -5.48548e-06 
1.7229 5.35361 -0.885313 0.464996 1 0.26768 0 2.38741e-05 -5.50976e-06 
1.73331 5.3734 -0.885076 0.465446 1 0.26867 0 2.39568e-05 -5.534e-06 
1.74372 5.39319 -0.884843 0.465889 1 0.269659 0 2.40394e-05 -5.5582e-06 
ZONE I=5
1.74372 5.39319 -0.884843 0.465889 1 0.269659 0 2.40394e-05 -5.5582e-06 
1.75414 5.41297 -0.884613 0.466326 1 0.270649 0 2.41221e-05 -5.58237e-06 
1.76457 5.43275 -0.884385 0.466757 1 0.271637 0 2.42048e-05 -5.60651e-06 
1.77501 5.45252 -0.884161 0.467182 1 0.272626 0 2.42874e-05 -5.63061e-06 
1.78547 5.47229 -0.88394 0.467601 1 0.273614 0 2.43701e-05 -5.65467e-06 
ZONE I=5
1.78547 5.47229 -0.88394 0.467601 1 0.273614 0 2.43701e-05 -5.65467e-06 
1.79593 5.49205 -0.883721 0.468014 1 0.274603 0 2.44529e-05 -5.6787e-06 
1.8064 5.51181 -0.883506 0.468421 1 0.275591 0 2.45356e-05 -5.70269e-06 
1.81687 5.53156 -0.883293 0.468822 1 0.276578 0 2.46183e-05 -5.72665e-06 
1.82736 5.55131 -0.883083 0.469217 1 0.277566 0 2.47011e-05 -5.75057e-06 
ZONE I=5
1.82736 5.55131 -0.883083 0.469217 1 0.277566 0 2.47011e-05 -5.75057e-06 
1.83786 5.57106 -0.882876 0.469606 1 0.278553 0 2.47838e-05 -5.77445e-06 
1.84836 5.5908 -0.882672 0.469989 1 0.27954 0 2.48666e-05 -5.7983e-06 
1.85888 5.61053 -0.882471 0.470366 1 0.280527 0 2.49494e-05 -5.82212e-06 
1.8694 5.63026 -0.882273 0.470738 1 0.281513 0 2.50322e-05 -5.84589e-06 
ZONE I=5
1.8694 5.63026 -0.882273 0.470738 1 0.281513 0 2.50322e-05 -5.84589e-06 
1.87993 5.64999 -0.882078 0.471104 1 0.282499 0 2.51151e-05 -5.86964e-06 
1.89047 5.66971 -0.881885 0.471465 1 0.283485 0 2.51979e-05 -5.89335e-06 
1.90101 5.68943 -0.881695 0.47182 1 0.284471 0 2.52808e-05 -5.91702e-06 
1.91157 5.70914 -0.881508 0.472169 1 0.285457 0 2.53637e-05 -5.94066e-06 
ZONE I=5
1.91157 5.70914 -0.881508 0.472169 1 0.285457 0 2.53637e-05 -5.94066e-06 
1.92213 5.72885 -0.881324 0.472513 1 0.286442 0 2.54466e-05 -5.96426e-06 
1.9327 5.74855 -0.881142 0.472851 1 0.287428 0 2.55295e-05 -5.98783e-06 
1.94328 5.76825 -0.880963 0.473184 1 0.288413 0 2.56124e-05 -6.01136e-06 
1.95386 5.78795 -0.880787 0.473512 1 0.289398 0 2.56954e-05 -6.03486e-06 
ZONE I=5
1.95386 5.78795 -0.880787 0.473512 1 0.289398 0 2.56954e-05 -6.03486e-06 
1.96445 5.80764 -0.880614 0.473835 1 0.290382 0 2.57784e-05 -6.05832e-06 
1.97505 5.82733 -0.880443 0.474152 1 0.291367 0 2.58614e-05 -6.08175e-06 
1.98566 5.84702 -0.880275 0.474464 1 0.292351 0 2.59445e-05 -6.10514e-06 
1.99627 5.8667 -0.88011 0.47477 1 0.293335 0 2.60275e-05 -6.1285e-06 
ZONE I=5
1.99627 5.8667 -0.88011 0.47477 1 0.293335 0 2.60275e-05 -6.1285e-06 
2.00689 5.88638 -0.879947 0.475072 1 0.294319 0 2.61106e-05 -6.15183e-06 
2.01752 5.90605 -0.879787 0.475368 1 0.295303 0 2.61937e-05 -6.17512e-06 
2.02815 5.92572 -0.879629 0.47566 1 0.296286 0 2.62768e-05 -6.19837e-06 
2.03879 5.94539 -0.879474 0.475946 1 0.29727 0 2.636e-05 -6.22159e-06 
ZONE I=5
2.03879 5.94539 -0.879474 0.475946 1 0.29727 0 2.636e-05 -6.22159e-06 
2.04943 5.96506 -0.879322 0.476228 1 0.298253 0 2.64432e-05 -6.24478e-06 
2.06008 5.98472 -0.879172 0.476505 1 0.299236 0 2.65264e-05 -6.26794e-06 
2.07074 6.00437 -0.879025 0.476776 1 0.300219 0 2.66096e-05 -6.29106e-06 
2.08141 6.02403 -0.87888 0.477043 1 0.301201 0 2.66929e-05 -6.31414e-06 
ZONE I=5
2.08141 6.02403 -0.87888 0.477043 1 0.301201 0 2.66929e-05 -6.31414e-06 
2.09208 6.04368 -0.878737 0.477306 1 0.302184 0 2.67762e-05 -6.33719e-06 
2.10275 6.06332 -0.878597 0.477563 1 0.303166 0 2.68595e-05 -6.36021e-06 
2.11343 6.08297 -0.87846 0.477816 1 0.304148 0 2.69429e-05 -6.3832e-06 
2.12412 6.10261 -0.878325 0.478064 1 0.305131 0 2.70262e-05 -6.40615e-06 
ZONE I=5
2.12412 6.10261 -0.878325 0.478064 1 0.305131 0 2.70262e-05 -6.40615e-06 
2.13481 6.12225 -0.878192 0.478308 1 0.306112 0 2.71097e-05 -6.42907e-06 
2.14551 6.14188 -0.878062 0.478547 1 0.307094 0 2.71931e-05 -6.45195e-06 
2.15621 6.16152 -0.877934 0.478781 1 0.308076 0 2.72766e-05 -6.47481e-06 
2.16692 6.18115 -0.877809 0.479011 1 0.309057 0 2.736e-05 -6.49763e-06 
ZONE I=5
2.16692 6.18115 -0.877809 0.479011 1 0.309057 0 2.736e-05 -6.49763e-06 
2.17764 6.20077 -0.877685 0.479237 1 0.310039 0 2.74436e-05 -6.52042e-06 
2.18836 6.2204 -0.877565 0.479458 1 0.31102 0 2.75271e-05 -6.54317e-06 
2.19908 6.24002 -0.877446 0.479675 1 0.312001 0 2.76107e-05 -6.56589e-06 
2.20981 6.25964 -0.87733 0.479888 1 0.312982 0 2.76943e-05 -6.58858e-06 
ZONE I=5
2.20981 6.25964 -0.87733 0.479888 1 0.312982 0 2.76943e-05 -6.58858e-06 
2.22054 6.27926 -0.877216 0.480097 1 0.313963 0 2.7778e-05 -6.61124e-06 
2.23128 6.29887 -0.877104 0.480301 1 0.314943 0 2.78616e-05 -6.63387e-06 
2.24202 6.31848 -0.876994 0.480501 1 0.315924 0 2.79454e-05 -6.65646e-06 
2.25277 6.33809 -0.876887 0.480697 1 0.316904 0 2.80291e-05 -6.67903e-06 
ZONE I=5
2.25277 6.33809 -0.876887 0.480697 1 0.316904 0 2.80291e-05 -6.67903e-06 
2.26352 6.3577 -0.876782 0.480889 1 0.317885 0 2.81129e-05 -6.70156e-06 
2.27427 6.3773 -0.876678 0.481077 1 0.318865 0 2.81967e-05 -6.72406e-06 
2.28503 6.3969 -0.876578 0.481261 1 0.319845 0 2.82805e-05 -6.74653e-06 
2.29579 6.4165 -0.876479 0.481441 1 0.320825 0 2.83644e-05 -6.76897e-06 
ZONE I=5
2.29579 6.4165 -0.876479 0.481441 1 0.320825 0 2.83644e-05 -6.76897e-06 
2.30656 6.4361 -0.876382 0.481617 1 0.321805 0 2.84483e-05 -6.79138e-06 
2.31733 6.4557 -0.876287 0.481789 1 0.322785 0 2.85322e-05 -6.81375e-06 
2.32811 6.47529 -0.876195 0.481958 1 0.323764 0 2.86162e-05 -6.8361e-06 
2.33889 6.49488 -0.876104 0.482122 1 0.324744 0 2.87002e-05 -6.85842e-06 
ZONE I=5
2.33889 6.49488 -0.876104 0.482122 1 0.324744 0 2.87002e-05 -6.85842e-06 
2.34967 6.51447 -0.876015 0.482283 1 0.325723 0 2.87842e-05 -6.8807e-06 
2.36046 6.53406 -0.875929 0.482441 1 0.326703 0 2.88683e-05 -6.90296e-06 
2.37124 6.55364 -0.875844 0.482594 1 0.327682 0 2.89524e-05 -6.92519e-06 
2.38204 6.57323 -0.875761 0.482744 1 0.328661 0 2.90365e-05 -6.94739e-06 
ZONE I=5
2.38204 6.57323 -0.875761 0.482744 1 0.328661 0 2.90365e-05 -6.94739e-06 
2.39283 6.59281 -0.875681 0.482891 1 0.32964 0 2.91207e-05 -6.96955e-06 
2.40363 6.61239 -0.875602 0.483034 1 0.330619 0 2.92049e-05 -6.99169e-06 
2.41444 6.63197 -0.875525 0.483173 1 0.331598 0 2.92891e-05 -7.01381e-06 
2.42524 6.65154 -0.875449 0.48331 1 0.332577 0 2.93734e-05 -7.03589e-06 
ZONE I=5
2.42524 6.65154 -0.875449 0.48331 1 0.332577 0 2.93734e-05 -7.03589e-06 
2.43605 6.67112 -0.875376 0.483442 1 0.333556 0 2.94577e-05 -7.05794e-06 
2.44686 6.69069 -0.875305 0.483572 1 0.334534 0 2.9542e-05 -7.07997e-06 
2.45768 6.71026 -0.875235 0.483698 1 0.335513 0 2.96264e-05 -7.10196e-06 
2.46849 6.72983 -0.875167 0.483821 1 0.336492 0 2.97108e-05 -7.12393e-06 
ZONE I=5
2.46849 6.72983 -0.875167 0.483821 1 0.336492 0 2.97108e-05 -7.12393e-06 
2.47931 6.7494 -0.875101 0.483941 1 0.33747 0 2.97952e-05 -7.14587e-06 
2.49014 6.76897 -0.875036 0.484057 1 0.338448 0 2.98797e-05 -7.16779e-06 
2.50096 6.78853 -0.874974 0.484171 1 0.339427 0 2.99642e-05 -7.18968e-06 
2.51179 6.8081 -0.874912 0.484281 1 0.340405 0 3.00488e-05 -7.21154e-06 
ZONE I=5
2.51179 6.8081 -0.874912 0.484281 1 0.340405 0 3.00488e-05 -7.21154e-06 
2.52262 6.82766 -0.874853 0.484388 1 0.341383 0 3.01333e-05 -7.23337e-06 
2.53345 6.84722 -0.874795 0.484493 1 0.342361 0 3.02179e-05 -7.25518e-06 
2.54429 6.86678 -0.874739 0.484594 1 0.343339 0 3.03026e-05 -7.27696e-06 
2.55512 6.88634 -0.874684 0.484693 1 0.344317 0 3.03872e-05 -7.29872e-06 
ZONE I=5
2.55512 6.88634 -0.874684 0.484693 1 0.344317 0 3.03872e-05 -7.29872e-06 
2.56596 6.9059 -0.874631 0.484788 1 0.345295 0 3.04719e-05 -7.32045e-06 
2.5768 6.92546 -0.87458 0.484881 1 0.346273 0 3.05567e-05 -7.34215e-06 
2.58765 6.94501 -0.87453 0.484971 1 0.347251 0 3.06414e-05 -7.36383e-06 
2.59849 6.96457 -0.874482 0.485059 1 0.348228 0 3.07262e-05 -7.38548e-06 
ZONE I=5
2.59849 6.96457 -0.874482 0.485059 1 0.348228 0 3.07262e-05 -7.38548e-06 
2.60934 6.98412 -0.874435 0.485143 1 0.349206 0 3.08111e-05 -7.40711e-06 
2.62019 7.00367 -0.874389 0.485225 1 0.350184 0 3.08959e-05 -7.42872e-06 
2.63104 7.02322 -0.874345 0.485305 1 0.351161 0 3.09808e-05 -7.4503e-06 
2.64189 7.04277 -0.874303 0.485381 1 0.352139 0 3.10658e-05 -7.47186e-06 
ZONE I=5
2.64189 7.04277 -0.874303 0.485381 1 0.352139 0 3.10658e-05 -7.47186e-06 
2.65275 7.06232 -0.874261 0.485456 1 0.353116 0 3.11507e-05 -7.49339e-06 
2.6636 7.08187 -0.874221 0.485528 1 0.354094 0 3.12357e-05 -7.5149e-06 
2.67446 7.10142 -0.874183 0.485597 1 0.355071 0 3.13207e-05 -7.53639e-06 
2.68532 7.12097 -0.874146 0.485664 1 0.356048 0 3.14058e-05 -7.55785e-06 
ZONE I=5
2.68532 7.12097 -0.874146 0.485664 1 0.356048 0 3.14058e-05 -7.55785e-06 
2.69618 7.14051 -0.87411 0.485728 1 0.357026 0 3.14909e-05 -7.5793e-06 
2.70704 7.16006 -0.874075 0.485791 1 0.358003 0 3.1576e-05 -7.60072e-06 
2.7179 7.1796 -0.874042 0.485851 1 0.35898 0 3.16611e-05 -7.62212e-06 
2.72877 7.19915 -0.87401 0.485909 1 0.359957 0 3.17463e-05 -7.64349e-06 
ZONE I=5
2.72877 7.19915 -0.87401 0.485909 1 0.359957 0 3.17463e-05 -7.64349e-06 
2.73963 7.21869 -0.873979 0.485964 1 0.360934 0 3.18315e-05 -7.66485e-06 
2.7505 7.23823 -0.873949 0.486018 1 0.361912 0 3.19167e-05 -7.68618e-06 
2.76137 7.25777 -0.87392 0.486069 1 0.362889 0 3.2002e-05 -7.7075e-06 
2.77224 7.27731 -0.873893 0.486119 1 0.363866 0 3.20873e-05 -7.72879e-06 
ZONE I=5
2.77224 7.27731 -0.873893 0.486119 1 0.363866 0 3.20873e-05 -7.72879e-06 
2.78311 7.29686 -0.873867 0.486166 1 0.364843 0 3.21726e-05 -7.75006e-06 
2.79398 7.3164 -0.873841 0.486211 1 0.36582 0 3.2258e-05 -7.77132e-06 
2.80485 7.33593 -0.873817 0.486255 1 0.366797 0 3.23433e-05 -7.79255e-06 
2.81573 7.35547 -0.873794 0.486296 1 0.367774 0 3.24287e-05 -7.81377e-06 
ZONE I=5
2.81573 7.35547 -0.873794 0.486296 1 0.367774 0 3.24287e-05 -7.81377e-06 
2.8266 7.37501 -0.873772 0.486336 1 0.368751 0 3.25142e-05 -7.83497e-06 
2.83748 7.39455 -0.873751 0.486374 1 0.369727 0 3.25996e-05 -7.85615e-06 
2.84835 7.41409 -0.873731 0.48641 1 0.370704 0 3.26851e-05 -7.87731e-06 
2.85923 7.43362 -0.873712 0.486444 1 0.371681 0 3.27706e-05 -7.89845e-06 
ZONE I=5
2.85923 7.43362 -0.873712 0.486444 1 0.371681 0 3.27706e-05 -7.89845e-06 
2.87011 7.45316 -0.873693 0.486477 1 0.372658 0 3.28561e-05 -7.91957e-06 
2.88098 7.4727 -0.873676 0.486508 1 0.373635 0 3.29417e-05 -7.94068e-06 
2.89186 7.49223 -0.87366 0.486538 1 0.374612 0 3.30273e-05 -7.96178e-06 
2.90274 7.51177 -0.873644 0.486566 1 0.375588 0 3.31129e-05 -7.98285e-06 
ZONE I=5
2.90274 7.51177 -0.873644 0.486566 1 0.375588 0 3.31129e-05 -7.98285e-06 
2.91362 7.5313 -0.873629 0.486592 1 0.376565 0 3.31985e-05 -8.00391e-06 
2.9245 7.55084 -0.873615 0.486617 1 0.377542 0 3.32842e-05 -8.02496e-06 
2.93539 7.57037 -0.873602 0.48664 1 0.378519 0 3.33698e-05 -8.04599e-06 
2.94627 7.58991 -0.87359 0.486663 1 0.379495 0 3.34555e-05 -8.067e-06 
ZONE I=5
2.94627 7.58991 -0.87359 0.486663 1 0.379495 0 3.34555e-05 -8.067e-06 
2.95715 7.60944 -0.873578 0.486683 1 0.380472 0 3.35413e-05 -8.088e-06 
2.96803 7.62897 -0.873568 0.486703 1 0.381449 0 3.3627e-05 -8.10899e-06 
2.97892 7.64851 -0.873557 0.486721 1 0.382425 0 3.37128e-05 -8.12996e-06 
2.9898 7.66804 -0.873548 0.486738 1 0.383402 0 3.37985e-05 -8.15092e-06 
ZONE I=5
2.9898 7.66804 -0.873548 0.486738 1 0.383402 0 3.37985e-05 -8.15092e-06 
3.00068 7.68757 -0.873539 0.486754 1 0.384379 0 3.38843e-05 -8.17187e-06 
3.01157 7.70711 -0.873531 0.486769 1 0.385355 0 3.39702e-05 -8.1928e-06 
3.02245 7.72664 -0.873523 0.486782 1 0.386332 0 3.4056e-05 -8.21372e-06 
3.03334 7.74617 -0.873516 0.486795 1 0.387309 0 3.41418e-05 -8.23463e-06 
ZONE I=5
3.03334 7.74617 -0.873516 0.486795 1 0.387309 0 3.41418e-05 -8.23463e-06 
3.04422 7.7657 -0.87351 0.486807 1 0.388285 0 3.42277e-05 -8.25553e-06 
3.05511 7.78524 -0.873504 0.486817 1 0.389262 0 3.43136e-05 -8.27642e-06 
3.06599 7.80477 -0.873498 0.486827 1 0.390238 0 3.43995e-05 -8.2973e-06 
3.07688 7.8243 -0.873494 0.486836 1 0.391215 0 3.44854e-05 -8.31817e-06 
ZONE I=5
3.07688 7.8243 -0.873494 0.486836 1 0.391215 0 3.44854e-05 -8.31817e-06 
3.08777 7.84383 -0.873489 0.486844 1 0.392192 0 3.45714e-05 -8.33903e-06 
3.09865 7.86336 -0.873485 0.486851 1 0.393168 0 3.46573e-05 -8.35988e-06 
3.10954 7.8829 -0.873482 0.486857 1 0.394145 0 3.47433e-05 -8.38072e-06 
3.12043 7.90243 -0.873478 0.486863 1 0.395121 0 3.48292e-05 -8.40155e-06 
ZONE I=5
3.12043 7.90243 -0.873478 0.486863 1 0.395121 0 3.48292e-05 -8.40155e-06 
3.13131 7.92196 -0.873476 0.486868 1 0.396098 0 3.49152e-05 -8.42238e-06 
3.1422 7.94149 -0.873473 0.486872 1 0.397075 0 3.50012e-05 -8.44319e-06 
3.15309 7.96102 -0.873471 0.486876 1 0.398051 0 3.50872e-05 -8.46401e-06 
3.16397 7.98055 -0.873469 0.48688 1 0.399028 0 3.51733e-05 -8.48481e-06 
ZONE I=5
3.16397 7.98055 -0.873469 0.48688 1 0.399028 0 3.51733e-05 -8.48481e-06 
3.17486 8.00008 -0.873468 0.486882 1 0.400004 0 3.52593e-05 -8.50561e-06 
3.18575 8.01962 -0.873466 0.486885 1 0.400981 0 3.53453e-05 -8.5264e-06 
3.19663 8.03915 -0.873465 0.486887 1 0.401957 0 3.54314e-05 -8.54719e-06 
3.20752 8.05868 -0.873464 0.486888 1 0.402934 0 3.55174e-05 -8.56797e-06 
ZONE I=5
3.20752 8.05868 -0.873464 0.486888 1 0.402934 0 3.55174e-05 -8.56797e-06 
3.21841 8.07821 -0.873464 0.486889 1 0.403911 0 3.56035e-05 -8.58875e-06 
3.22929 8.09774 -0.873463 0.48689 1 0.404887 0 3.56895e-05 -8.60953e-06 
3.24018 8.11727 -0.873463 0.486891 1 0.405864 0 3.57756e-05 -8.6303e-06 
3.25107 8.1368 -0.873463 0.486891 1 0.40684 0 3.58617e-05 -8.65108e-06 
ZONE I=5
3.25107 8.1368 -0.873463 0.486891 1 0.40684 0 3.58617e-05 -8.65108e-06 
3.26196 8.15633 -0.873463 0.486891 1 0.407817 0 3.59478e-05 -8.67184e-06 
3.27284 8.17587 -0.873462 0.486892 1 0.408793 0 3.60338e-05 -8.69261e-06 
3.28373 8.1954 -0.873462 0.486892 1 0.40977 0 3.61199e-05 -8.71338e-06 
3.29462 8.21493 -0.873462 0.486892 1 0.410746 0 3.6206e-05 -8.73414e-06 
